  0.66667  0.011529 0.0099048 0.0099008 0.0099007 0.0099007 0.0099007 0.0099007 0.0099007 0.0099007 0.0099007 0.0099007 0.0099007 0.0099007 0.0099007 0.0099007 0.0099007 0.0099007 0.0099007 0.0099007 0.0099007
  0.57254   0.25706  0.071813  0.031492  0.020419   0.01624  0.014254  0.013143  0.012436  0.011937  0.011554   0.01124  0.010973  0.010738  0.010528  0.010338  0.010164  0.010004  0.009856 0.0097196 0.0095931
  0.41758   0.21153  0.055386    0.0229  0.014658  0.011648  0.010249 0.0094832 0.0090064  0.008675 0.0084224 0.0082151 0.0080358 0.0078752 0.0077281 0.0075917 0.0074641 0.0073444 0.0072317 0.0071255 0.0070253
      0.4   0.25444   0.14416  0.083541  0.050272  0.032013  0.021992  0.016493  0.013475  0.011818  0.010909  0.010411  0.010137 0.0099865  0.009904 0.0098587 0.0098339 0.0098203 0.0098128 0.0098087 0.0098064
  0.36409   0.33628    0.2368   0.14937  0.092729  0.058798  0.038956  0.027432  0.020727  0.016791  0.014441  0.013001  0.012084  0.011471  0.011037  0.010711  0.010452  0.010236   0.01005 0.0098857 0.0097374
  0.29457   0.27428   0.19387   0.12103  0.074231  0.046438  0.030308   0.02101  0.015646  0.012529  0.010693 0.0095849 0.0088921 0.0084371 0.0081195 0.0078825  0.007694 0.0075358 0.0073975 0.0072731  0.007159
    1.419   0.49836   0.25018   0.17091   0.14057   0.12664   0.11923   0.11476   0.11177   0.10958   0.10784   0.10639   0.10513   0.10401   0.10299   0.10205   0.10119   0.10039  0.099651  0.098959  0.098314
  0.93464   0.44611   0.21588    0.1448   0.11872   0.10703   0.10093  0.097337  0.094987  0.093289  0.091956  0.090835  0.089847  0.088949  0.088116  0.087336    0.0866  0.085903  0.085241  0.084613  0.084016

  0.66667  0.011527 0.0099032 0.0098992 0.0098992 0.0098992 0.0098992 0.0098992 0.0098992 0.0098992 0.0098992 0.0098992 0.0098992 0.0098992 0.0098992 0.0098992 0.0098992 0.0098992 0.0098992 0.0098992 0.0098992
  0.57254    0.2664  0.088662  0.045808  0.032736  0.027462  0.024825  0.023268  0.022214  0.021421  0.020774  0.020218  0.019725  0.019278  0.018869  0.018492  0.018143  0.017819  0.017519   0.01724  0.016979
  0.41758   0.24441  0.085025  0.044126  0.032194  0.027443  0.025071  0.023676  0.022745   0.02206  0.021517  0.021065  0.020673  0.020326  0.020015  0.019731  0.019472  0.019233  0.019012  0.018807  0.018617
      0.4   0.25444   0.14416   0.08354   0.05027  0.032012  0.021991  0.016492  0.013473  0.011817  0.010908  0.010409  0.010135 0.0099849 0.0099025 0.0098572 0.0098324 0.0098187 0.0098113 0.0098071 0.0098049
  0.36409   0.33672    0.2424   0.15877   0.10346  0.069706  0.049639  0.037779  0.030731  0.026475  0.023834  0.022128  0.020966  0.020126   0.01948  0.018955   0.01851   0.01812  0.017771  0.017454  0.017162
  0.29457   0.27891   0.20835   0.13907  0.092232  0.063452  0.046267  0.036075  0.030002   0.02633  0.024056  0.022596  0.021614  0.020917  0.020392  0.019976  0.019631  0.019333  0.019071  0.018835   0.01862
    1.419   0.51902   0.28614   0.21015   0.18025   0.16621   0.15851   0.15367   0.15024   0.14757   0.14533   0.14336   0.14159   0.13996   0.13846   0.13705   0.13574   0.13452   0.13337   0.13229   0.13128
  0.93464   0.50414   0.27933   0.20645   0.17901   0.16634   0.15944   0.15514   0.15214   0.14987   0.14803   0.14647    0.1451   0.14387   0.14276   0.14174   0.14079   0.13992   0.13911   0.13835   0.13764

  0.66667  0.011516 0.0098917 0.0098877 0.0098877 0.0098877 0.0098877 0.0098877 0.0098877 0.0098877 0.0098877 0.0098877 0.0098877 0.0098877 0.0098877 0.0098877 0.0098877 0.0098877 0.0098877 0.0098877 0.0098877
  0.57254   0.27964   0.12992  0.089357  0.076284  0.071883  0.070784  0.071096  0.072033  0.073226   0.07449  0.075731  0.076904  0.077987  0.078976  0.079872  0.080679  0.081403  0.082052  0.082633  0.083152
  0.41758   0.31155   0.17256    0.1225   0.10579  0.099503  0.097031  0.096168  0.096043  0.096274  0.096672  0.097144  0.097637  0.098125   0.09859  0.099027   0.09943    0.0998   0.10014   0.10044   0.10072
      0.4   0.25444   0.14415  0.083531   0.05026  0.032001   0.02198   0.01648  0.013462  0.011806  0.010897  0.010398  0.010124 0.0099737 0.0098912 0.0098459 0.0098211 0.0098075    0.0098 0.0097959 0.0097936
  0.36409   0.33476   0.25242    0.1809    0.1331   0.10392  0.086987  0.077603  0.072728  0.070484  0.069738   0.06982  0.070335  0.071056  0.071852  0.072652  0.073418  0.074133  0.074788  0.075383   0.07592
  0.29457   0.28603   0.23978    0.1871    0.1481   0.12299   0.10775   0.09883  0.093781  0.091045  0.089668   0.08908  0.088939  0.089046  0.089283  0.089581  0.089901   0.09022  0.090526  0.090813  0.091078
    1.419   0.56443   0.36947    0.3083   0.28647   0.27897   0.27736   0.27835   0.28048   0.28305    0.2857   0.28827   0.29067   0.29287   0.29487   0.29667   0.29828   0.29972   0.30101   0.30216   0.30319
  0.93464   0.64173   0.43973   0.36914   0.34373   0.33372   0.32976   0.32844   0.32836   0.32888   0.32968    0.3306   0.33154   0.33246   0.33334   0.33416   0.33492   0.33561   0.33623    0.3368   0.33731

  0.66667  0.011432  0.009808 0.0098039 0.0098039 0.0098039 0.0098039 0.0098039 0.0098039 0.0098039 0.0098039 0.0098039 0.0098039 0.0098039 0.0098039 0.0098039 0.0098039 0.0098039 0.0098039 0.0098039 0.0098039
  0.57254   0.24734    0.1783    0.1687   0.17634   0.19053   0.20691   0.22314   0.23795   0.25081   0.26164    0.2706   0.27795   0.28394   0.28883   0.29281   0.29605    0.2987   0.30086   0.30262   0.30407
  0.41758   0.31943   0.28451   0.26929   0.26778   0.27158   0.27699   0.28265   0.28807   0.29308    0.2976   0.30158   0.30502   0.30797   0.31045   0.31253   0.31426    0.3157   0.31688   0.31786   0.31867
      0.4   0.25441    0.1441  0.083465  0.050187  0.031924  0.021901    0.0164  0.013381  0.011724  0.010815  0.010316  0.010042 0.0098916 0.0098091 0.0097638  0.009739 0.0097253 0.0097178 0.0097137 0.0097115
  0.36409   0.31433   0.24784   0.20182   0.17701    0.1672   0.16679   0.17165   0.17899   0.18707   0.19489   0.20196   0.20809   0.21327   0.21758   0.22113   0.22404   0.22642   0.22836   0.22994   0.23123
  0.29457   0.27571   0.25519   0.23723   0.22549   0.21957   0.21768   0.21819   0.21999    0.2224     0.225   0.22756   0.22994   0.23209   0.23398   0.23561   0.23699   0.23816   0.23914   0.23996   0.24064
    1.419   0.63928   0.51631   0.50529   0.52648   0.56103   0.60092   0.64154   0.68009   0.71503   0.74574   0.77218   0.79466    0.8136   0.82945   0.84267   0.85366   0.86276   0.87031   0.87654   0.88169
  0.93464   0.91619   0.79836   0.76064   0.76039   0.77359   0.79106   0.80941   0.82736   0.84432   0.85994     0.874    0.8864   0.89717   0.90639   0.91422    0.9208   0.92631   0.93091   0.93472   0.93789

 0.66667  0.17839  0.17718  0.17718  0.17718  0.17718  0.17718  0.17718  0.17718  0.17718  0.17718  0.17718  0.17718  0.17718  0.17718  0.17718  0.17718  0.17718  0.17718  0.17718  0.17718
 0.57254  0.38455  0.19622  0.13113  0.11172   0.1075  0.10844  0.11085  0.11329  0.11525  0.11665  0.11757  0.11811  0.11839  0.11851  0.11854  0.11853   0.1185  0.11848  0.11846  0.11844
 0.41758  0.24773  0.10499 0.063146 0.051086 0.047997 0.048212 0.049712 0.051557 0.053256 0.054584 0.055497 0.056054  0.05635 0.056479 0.056515 0.056507 0.056482 0.056456 0.056435  0.05642
     0.4  0.30552  0.23563  0.19723  0.17615  0.16458  0.15823  0.15475  0.15284  0.15179  0.15121  0.15089  0.15072  0.15063  0.15057  0.15054  0.15053  0.15052  0.15052  0.15051  0.15051
 0.36409  0.35187   0.2875  0.21802  0.16743  0.13613  0.11862  0.10971  0.10573  0.10435  0.10419  0.10451  0.10494  0.10531  0.10559  0.10576  0.10586   0.1059  0.10592  0.10592  0.10591
 0.29457  0.27826  0.21331  0.14957  0.10574 0.079095 0.064054  0.05622 0.052635 0.051399 0.051332 0.051742 0.052254 0.052699 0.053023  0.05323 0.053347 0.053404 0.053425 0.053426  0.05342
   1.419  0.71491  0.46543  0.37881  0.35195  0.34689  0.34943  0.35391  0.35816  0.36147  0.36379  0.36528  0.36613  0.36657  0.36675  0.36678  0.36676  0.36671  0.36666  0.36663   0.3666
 0.93464  0.51621   0.3195  0.25191  0.22962  0.22417  0.22552  0.22945  0.23389  0.23779  0.24073   0.2427  0.24386  0.24446  0.24471  0.24477  0.24474  0.24468  0.24462  0.24457  0.24454

 0.66667  0.17789  0.17668  0.17668  0.17668  0.17668  0.17668  0.17668  0.17668  0.17668  0.17668  0.17668  0.17668  0.17668  0.17668  0.17668  0.17668  0.17668  0.17668  0.17668  0.17668
 0.57254  0.39193  0.21763  0.15253  0.12984  0.12247  0.12088  0.12138  0.12248  0.12358  0.12446  0.12509  0.12552  0.12579  0.12595  0.12603  0.12607  0.12609  0.12609  0.12609  0.12608
 0.41758  0.28062  0.14138 0.092847 0.076341   0.0704 0.068536 0.068409 0.068997 0.069794 0.070546  0.07115 0.071584  0.07187 0.072043 0.072139 0.072187 0.072207 0.072212  0.07221 0.072206
     0.4  0.30539   0.2354  0.19694  0.17583  0.16424  0.15788  0.15439  0.15248  0.15143  0.15085  0.15053  0.15036  0.15027  0.15021  0.15018  0.15017  0.15016  0.15016  0.15015  0.15015
 0.36409  0.35194  0.29225  0.22795  0.17984  0.14885  0.13051  0.12035   0.1151  0.11262  0.11161  0.11132  0.11135  0.11148  0.11163  0.11175  0.11184   0.1119  0.11193  0.11195  0.11196
 0.29457  0.28266  0.22793  0.16987  0.12757  0.10054 0.084366 0.075177 0.070262 0.067854 0.066841 0.066552 0.066593 0.066754 0.066928 0.067074 0.067181 0.067252 0.067295 0.067319 0.067331
   1.419  0.73569  0.50148  0.41477   0.3832  0.37302  0.37123  0.37244  0.37442  0.37628  0.37774  0.37878  0.37947  0.37989  0.38014  0.38027  0.38033  0.38035  0.38035  0.38034  0.38034
 0.93464  0.57441  0.38349  0.31172  0.28446  0.27422  0.27117  0.27129  0.27268  0.27439  0.27594  0.27714    0.278  0.27855  0.27888  0.27906  0.27914  0.27918  0.27918  0.27918  0.27917

0.66667 0.17431 0.17309 0.17309 0.17309 0.17309 0.17309 0.17309 0.17309 0.17309 0.17309 0.17309 0.17309 0.17309 0.17309 0.17309 0.17309 0.17309 0.17309 0.17309 0.17309
0.57254 0.39407 0.26091 0.20493 0.17992   0.168 0.16201 0.15889 0.15724 0.15635 0.15587 0.15561 0.15547  0.1554 0.15536 0.15534 0.15533 0.15533 0.15533 0.15533 0.15533
0.41758 0.34396 0.23548 0.18341 0.16064 0.14977  0.1441 0.14098  0.1392 0.13818  0.1376 0.13726 0.13708 0.13698 0.13692 0.13689 0.13688 0.13687 0.13687 0.13686 0.13686
    0.4 0.30443  0.2337 0.19483  0.1735 0.16179 0.15537 0.15184 0.14991 0.14884 0.14826 0.14794 0.14776 0.14767 0.14762 0.14759 0.14757 0.14756 0.14756 0.14755 0.14755
0.36409 0.34853 0.29813 0.24683 0.20736 0.18024 0.16261 0.15152 0.14468 0.14053 0.13803 0.13654 0.13566 0.13515 0.13485 0.13467 0.13457 0.13452 0.13448 0.13447 0.13446
0.29457 0.28908 0.25697  0.2172 0.18456 0.16151 0.14625 0.13645 0.13026 0.12641 0.12403 0.12257 0.12169 0.12115 0.12084 0.12065 0.12054 0.12047 0.12043 0.12041  0.1204
  1.419 0.78199 0.58605 0.50693 0.47089 0.45334 0.44439 0.43969 0.43718 0.43583  0.4351 0.43471  0.4345 0.43439 0.43433  0.4343 0.43429 0.43428 0.43428 0.43428 0.43428
0.93464 0.71227 0.54592 0.47215 0.43901 0.42263 0.41391 0.40903 0.40624 0.40463 0.40371 0.40318 0.40289 0.40273 0.40264  0.4026 0.40258 0.40257 0.40256 0.40256 0.40256

0.66667 0.15185 0.15057 0.15057 0.15057 0.15057 0.15057 0.15057 0.15057 0.15057 0.15057 0.15057 0.15057 0.15057 0.15057 0.15057 0.15057 0.15057 0.15057 0.15057 0.15057
0.57254 0.31178 0.26609 0.24997 0.24311 0.23994 0.23846 0.23777 0.23748 0.23737 0.23734 0.23736 0.23738 0.23741 0.23744 0.23746 0.23747 0.23749  0.2375  0.2375 0.23751
0.41758 0.33268 0.31502  0.3026 0.29657 0.29393 0.29284 0.29244 0.29233 0.29233 0.29237 0.29242 0.29246 0.29249 0.29251 0.29253 0.29255 0.29256 0.29256 0.29257 0.29257
    0.4  0.2983 0.22281 0.18133 0.15856 0.14606  0.1392 0.13544 0.13338 0.13224 0.13162 0.13128 0.13109 0.13099 0.13093  0.1309 0.13088 0.13087 0.13087 0.13087 0.13086
0.36409 0.32264 0.27642 0.24367 0.22273 0.20991 0.20224 0.19774 0.19514 0.19366 0.19283 0.19237 0.19213 0.19201 0.19194 0.19192 0.19191 0.19191 0.19191 0.19191 0.19192
0.29457 0.27703 0.26221 0.25002 0.24104 0.23505  0.2313 0.22907 0.22779 0.22707 0.22668 0.22649 0.22639 0.22634 0.22633 0.22632 0.22633 0.22633 0.22634 0.22634 0.22634
  1.419 0.86196 0.74166 0.70231  0.6858 0.67825 0.67473 0.67313 0.67245 0.67221 0.67217 0.67222 0.67229 0.67237 0.67243 0.67249 0.67253 0.67256 0.67259 0.67261 0.67262
0.93464 0.98664 0.91203 0.87022 0.85147 0.84352 0.84033 0.83919 0.83891 0.83896 0.83911 0.83927 0.83941 0.83952  0.8396 0.83966  0.8397 0.83973 0.83975 0.83977 0.83978

