$\vec{x}_{0}(t,u)$  &
25 &
11.26731 &
5.185738 &
2.465823 &
1.137926 &
0.5153155 &
0.2326271 &
0.1051091 &
0.0476732 &
0.02181561 &
0.01017667 &
$\vec{x}_{0}(t,u)$  &
25 &
11.59059 &
6.894785 &
10.09505 &
28.50841 &
66.31204 &
103.7397 &
127.2546 &
139.3693 &
145.1379 &
147.7972 &
	  &
150 &
3.2 &
2 &
$\vec{x}_{-11111}(t,u)$  &
17.43967 &
12.07972 &
7.540477 &
3.865295 &
1.076173 &
-0.8181868 &
-1.815837 &
-1.917046 &
-1.121891 &
0.5699872 &
3.157462 &
$\vec{x}_{-11111}(t,u)$  &
nan &
nan &
nan &
nan &
nan &
nan &
nan &
nan &
nan &
nan &
nan &
	  &
150 &
3.2 &
2 &
     7.560332      7.471676      7.383614      7.296141      7.209256      7.122954      7.037233       6.95209      6.867521      6.783524      6.700096      6.617233      6.534933      6.453193       6.37201       6.29138      6.211301       6.13177      6.052785      5.974341      5.896437       5.81907      5.742236      5.665933      5.590158      5.514909      5.440182      5.365975      5.292285      5.219109      5.146444      5.074289      5.002639      4.931493      4.860848      4.790702       4.72105      4.651892      4.583223      4.515043      4.447347      4.380135      4.313402      4.247146      4.181366      4.116057      4.051219      3.986848      3.922942      3.859498      3.796514      3.733987      3.671916      3.610297      3.549129      3.488408      3.428133      3.368301       3.30891      3.249957       3.19144      3.133356      3.075704      3.018481      2.961685      2.905314      2.849364      2.793835      2.738723      2.684027      2.629744      2.575872      2.522409      2.469353      2.416701      2.364451      2.312602      2.261151      2.210095      2.159434      2.109164      2.059283       2.00979      1.960683      1.911959      1.863616      1.815652      1.768065      1.720853      1.674015      1.627548      1.581449      1.535718      1.490352       1.44535      1.400708      1.356426      1.312501      1.268931      1.225715       1.18285      1.140335      1.098168      1.056347       1.01487     0.9737347       0.93294     0.8924837     0.8523641     0.8125793     0.7731275     0.7340069     0.6952157     0.6567521     0.6186144     0.5808007     0.5433093     0.5061385     0.4692864     0.4327515     0.3965319      0.360626     0.3250319     0.2897482     0.2547729     0.2201045     0.1857414     0.1516817     0.1179239    0.08446634    0.05130736    0.01844533   -0.01412136   -0.04639434   -0.07837521    -0.1100656     -0.141467    -0.1725811    -0.2034094    -0.2339535     -0.264215    -0.2941954    -0.3238962     -0.353319    -0.3824653    -0.4113366    -0.4399345    -0.4682604    -0.4963158    -0.5241023    -0.5516212    -0.5788742    -0.6058625    -0.6325878    -0.6590514    -0.6852549    -0.7111995    -0.7368868    -0.7623182    -0.7874951    -0.8124189     -0.837091    -0.8615128    -0.8856857     -0.909611    -0.9332902    -0.9567246    -0.9799155     -1.002864     -1.025573     -1.048041     -1.070272     -1.092266     -1.114024     -1.135549      -1.15684       -1.1779      -1.19873     -1.219331     -1.239704     -1.259851     -1.279773     -1.299471     -1.318946       -1.3382     -1.357234     -1.376049     -1.394646     -1.413027     -1.431193     -1.449144     -1.466883     -1.484411     -1.501728     -1.518836     -1.535736     -1.552429     -1.568916     -1.585199     -1.601278     -1.617156     -1.632832     -1.648309     -1.663586     -1.678666      -1.69355     -1.708238     -1.722733     -1.737033     -1.751142      -1.76506     -1.778789     -1.792328      -1.80568     -1.818845     -1.831825     -1.844621     -1.857233     -1.869663     -1.881911      -1.89398     -1.905869     -1.917581     -1.929115     -1.940473     -1.951657     -1.962666     -1.973503     -1.984167     -1.994661     -2.004985      -2.01514     -2.025127     -2.034948     -2.044602     -2.054092     -2.063417      -2.07258     -2.081581     -2.090421       -2.0991     -2.107621     -2.115984     -2.124189     -2.132239     -2.140133     -2.147873     -2.155459     -2.162894     -2.170176     -2.177308     -2.184291     -2.191125     -2.197811      -2.20435     -2.210743     -2.216992     -2.223096     -2.229057     -2.234876     -2.240553      -2.24609     -2.251487     -2.256745     -2.261866     -2.266849     -2.271697     -2.276409     -2.280987     -2.285432     -2.289744     -2.293924     -2.297973     -2.301893     -2.305683     -2.309345     -2.312879     -2.316287     -2.319569     -2.322727      -2.32576      -2.32867     -2.331457     -2.334123     -2.336669     -2.339094     -2.341401     -2.343589      -2.34566     -2.347614     -2.349452     -2.351176     -2.352785     -2.354281     -2.355665     -2.356936     -2.358097     -2.359148      -2.36009     -2.360922     -2.361648     -2.362266     -2.362778     -2.363185     -2.363487     -2.363686     -2.363781     -2.363775     -2.363667     -2.363458     -2.363149     -2.362742     -2.362236     -2.361632     -2.360932     -2.360135     -2.359243     -2.358257     -2.357177     -2.356004     -2.354739     -2.353382     -2.351934     -2.350397      -2.34877     -2.347054     -2.345251     -2.343361     -2.341384     -2.339322     -2.337175     -2.334944     -2.332629     -2.330232     -2.327753     -2.325192     -2.322551      -2.31983      -2.31703     -2.314151     -2.311195     -2.308162     -2.305052     -2.301867     -2.298607     -2.295273     -2.291865     -2.288384     -2.284831     -2.281206     -2.277511     -2.273745      -2.26991     -2.266006     -2.262034     -2.257994     -2.253888     -2.249715     -2.245477     -2.241173     -2.236806     -2.232375      -2.22788     -2.223324     -2.218705     -2.214026     -2.209286     -2.204486     -2.199627     -2.194709     -2.189733       -2.1847     -2.179609     -2.174463     -2.169261     -2.164003     -2.158692     -2.153326     -2.147907     -2.142435     -2.136911     -2.131335     -2.125708     -2.120031     -2.114303     -2.108527     -2.102701     -2.096827     -2.090905     -2.084935     -2.078919     -2.072857     -2.066749     -2.060595     -2.054397     -2.048155     -2.041869      -2.03554     -2.029168     -2.022754     -2.016297       -2.0098     -2.003262     -1.996683     -1.990065     -1.983407      -1.97671     -1.969975     -1.963202     -1.956391     -1.949542     -1.942657     -1.935736     -1.928778     -1.921786     -1.914758     -1.907695     -1.900598     -1.893468     -1.886304     -1.879107     -1.871877     -1.864615     -1.857321     -1.849995     -1.842638     -1.835251     -1.827833     -1.820385     -1.812908     -1.805401     -1.797865       -1.7903     -1.782708     -1.775087     -1.767438     -1.759763      -1.75206     -1.744331     -1.736575     -1.728794     -1.720987     -1.713154     -1.705296     -1.697414     -1.689507     -1.681576     -1.673621     -1.665643     -1.657641     -1.649617     -1.641569     -1.633499     -1.625407     -1.617293     -1.609158     -1.601001     -1.592823     -1.584624     -1.576404     -1.568165     -1.559905     -1.551625     -1.543326     -1.535007      -1.52667     -1.518313     -1.509938     -1.501545     -1.493133     -1.484704     -1.476256     -1.467792      -1.45931     -1.450811     -1.442295     -1.433763     -1.425214     -1.416649     -1.408069     -1.399472      -1.39086     -1.382233      -1.37359     -1.364933     -1.356261     -1.347574     -1.338874     -1.330159      -1.32143     -1.312687     -1.303931     -1.295161     -1.286379     -1.277583     -1.268775     -1.259954      -1.25112     -1.242275     -1.233417     -1.224547     -1.215666     -1.206773     -1.197869     -1.188954     -1.180027      -1.17109     -1.162142     -1.153184     -1.144215     -1.135237     -1.126248      -1.11725     -1.108241     -1.099224     -1.090197     -1.081161     -1.072116     -1.063062        -1.054     -1.044929     -1.035849     -1.026762     -1.017666     -1.008563    -0.9994519    -0.9903333    -0.9812073    -0.9720741    -0.9629339    -0.9537867    -0.9446327    -0.9354722    -0.9263052    -0.9171319    -0.9079524     -0.898767    -0.8895757    -0.8803787    -0.8711762    -0.8619683    -0.8527551    -0.8435369    -0.8343137    -0.8250857     -0.815853    -0.8066159    -0.7973744    -0.7881287    -0.7788789    -0.7696252    -0.7603678    -0.7511067    -0.7418421    -0.7325743    -0.7233032    -0.7140291    -0.7047521    -0.6954723    -0.6861899    -0.6769051    -0.6676179    -0.6583286    -0.6490372    -0.6397439    -0.6304488    -0.6211521     -0.611854    -0.6025545    -0.5932538     -0.583952    -0.5746494    -0.5653459    -0.5560418    -0.5467373    -0.5374323    -0.5281272    -0.5188219    -0.5095167    -0.5002117    -0.4909071    -0.4816029    -0.4722993    -0.4629964    -0.4536944    -0.4443934    -0.4350936     -0.425795    -0.4164979    -0.4072023    -0.3979084    -0.3886163    -0.3793262    -0.3700381    -0.3607523    -0.3514688    -0.3421878    -0.3329095    -0.3236339    -0.3143611    -0.3050914    -0.2958248    -0.2865615    -0.2773016    -0.2680453    -0.2587926    -0.2495437    -0.2402987    -0.2310578    -0.2218211    -0.2125887    -0.2033607    -0.1941373    -0.1849186    -0.1757047    -0.1664958     -0.157292    -0.1480933       -0.1389    -0.1297122    -0.1205299    -0.1113533    -0.1021826   -0.09301781   -0.08385911   -0.07470662   -0.06556046   -0.05642075   -0.04728761   -0.03816117   -0.02904154   -0.01992886   -0.01082324  -0.001724806   0.007366327    0.01645004     0.0255262     0.0345947    0.04365541    0.05270823    0.06175302    0.07078967    0.07981807    0.08883808    0.09784961     0.1068525     0.1158467     0.1248321     0.1338084     0.1427758     0.1517339     0.1606827     0.1696221      0.178552     0.1874722     0.1963827     0.2052833     0.2141739     0.2230544     0.2319247     0.2407847     0.2496342     0.2584732     0.2673016     0.2761192     0.2849259     0.2937216     0.3025063     0.3112797     0.3200419     0.3287926     0.3375318     0.3462594     0.3549752     0.3636792     0.3723713     0.3810513     0.3897191     0.3983747     0.4070179     0.4156486     0.4242668     0.4328723      0.441465     0.4500448     0.4586116     0.4671654      0.475706     0.4842332     0.4927471     0.5012475     0.5097343     0.5182074     0.5266667     0.5351122     0.5435436      0.551961     0.5603642     0.5687531     0.5771277     0.5854877     0.5938332     0.6021641     0.6104802     0.6187814     0.6270677     0.6353389     0.6435951     0.6518359     0.6600615     0.6682717     0.6764663     0.6846454     0.6928087     0.7009563      0.709088     0.7172038     0.7253035      0.733387     0.7414544     0.7495054       0.75754     0.7655581     0.7735596     0.7815445     0.7895126     0.7974639     0.8053982     0.8133155     0.8212157     0.8290988     0.8369645     0.8448129     0.8526439     0.8604573     0.8682531     0.8760313     0.8837917     0.8915342     0.8992587     0.9069653     0.9146538      0.922324     0.9299761     0.9376097      0.945225     0.9528217     0.9603999     0.9679594     0.9755002     0.9830222     0.9905252     0.9980093      1.005474       1.01292      1.020347      1.027754      1.035143      1.042511       1.04986       1.05719        1.0645       1.07179      1.079061      1.086311      1.093542      1.100752      1.107943      1.115113      1.122263      1.129393      1.136502      1.143591       1.15066      1.157708      1.164735      1.171741      1.178727      1.185692      1.192635      1.199558       1.20646      1.213341        1.2202      1.227038      1.233855      1.240651      1.247425      1.254177      1.260908      1.267617      1.274304       1.28097      1.287614      1.294235      1.300835      1.307413      1.313969      1.320502      1.327013      1.333502      1.339969      1.346413      1.352835      1.359234       1.36561      1.371964      1.378295      1.384603      1.390889      1.397151      1.403391      1.409608      1.415801      1.421971      1.428118      1.434242      1.440343       1.44642      1.452474      1.458504      1.464511      1.470494      1.476453      1.482389      1.488301      1.494189      1.500053      1.505894       1.51171      1.517502      1.523271      1.529015      1.534734       1.54043      1.546101      1.551748      1.557371      1.562969      1.568543      1.574092      1.579616      1.585116      1.590591      1.596041      1.601466      1.606867      1.612242      1.617593      1.622919      1.628219      1.633495      1.638745       1.64397       1.64917      1.654345      1.659494      1.664618      1.669716      1.674789      1.679836      1.684858      1.689854      1.694824      1.699769      1.704688      1.709581      1.714448      1.719289      1.724104      1.728894      1.733657      1.738394      1.743105       1.74779      1.752449      1.757081      1.761687      1.766267      1.770821      1.775348      1.779848      1.784322      1.788769       1.79319      1.797584      1.801952      1.806293      1.810607      1.814894      1.819154      1.823388      1.827594      1.831774      1.835926      1.840052       1.84415      1.848222      1.852266      1.856283      1.860273      1.864235       1.86817      1.872078      1.875958      1.879811      1.883637      1.887435      1.891205      1.894948      1.898664      1.902351      1.906011      1.909643      1.913248      1.916825      1.920373      1.923894      1.927388      1.930853       1.93429      1.937699       1.94108      1.944433      1.947758      1.951055      1.954324      1.957564      1.960777      1.963961      1.967116      1.970243      1.973342      1.976413      1.979455      1.982469      1.985454       1.98841      1.991338      1.994238      1.997109      1.999951      2.002764      2.005549      2.008305      2.011032       2.01373        2.0164       2.01904      2.021652      2.024235      2.026789      2.029314      2.031809      2.034276      2.036714      2.039122      2.041502      2.043852      2.046173      2.048465      2.050727       2.05296      2.055164      2.057339      2.059484        2.0616      2.063686      2.065743      2.067771      2.069768      2.071737      2.073676      2.075585      2.077464      2.079314      2.081135      2.082925      2.084686      2.086417      2.088119       2.08979      2.091432      2.093044      2.094626      2.096178        2.0977      2.099192      2.100655      2.102087      2.103489      2.104861      2.106203      2.107515      2.108797      2.110049       2.11127      2.112462      2.113623      2.114754      2.115854      2.116924      2.117964      2.118974      2.119953      2.120902      2.121821      2.122709      2.123566      2.124393       2.12519      2.125956      2.126692      2.127397      2.128071      2.128715      2.129328      2.129911      2.130463      2.130984      2.131474      2.131934      2.132363      2.132761      2.133128      2.133465      2.133771      2.134045      2.134289      2.134502      2.134685      2.134836      2.134956      2.135045      2.135103      2.135131      2.135127      2.135092      2.135026      2.134929      2.134801      2.134641      2.134451      2.134229      2.133976      2.133692      2.133377       2.13303      2.132652      2.132243      2.131803      2.131331      2.130828      2.130293      2.129727       2.12913      2.128501      2.127841       2.12715      2.126426      2.125672      2.124886      2.124068      2.123219      2.122338      2.121426      2.120482      2.119507        2.1185      2.117461       2.11639      2.115288      2.114155      2.112989      2.111792      2.110563      2.109302       2.10801      2.106685      2.105329      2.103941      2.102522       2.10107      2.099587      2.098071      2.096524      2.094945      2.093334       2.09169      2.090015      2.088308      2.086569      2.084798      2.082995       2.08116      2.079293      2.077394      2.075463      2.073499      2.071504      2.069476      2.067416      2.065324        2.0632      2.061044      2.058856      2.056635      2.054382      2.052097      2.049779       2.04743      2.045048      2.042634      2.040187      2.037708      2.035197      2.032653      2.030078      2.027469      2.024829      2.022155       2.01945      2.016712      2.013942      2.011139      2.008304      2.005436      2.002536      1.999603      1.996638       1.99364      1.990609      1.987547      1.984451      1.981323      1.978162      1.974969      1.971743      1.968485      1.965194       1.96187      1.958514      1.955124      1.951703      1.948248      1.944761      1.941241      1.937688      1.934103      1.930485      1.926834       1.92315      1.919434      1.915685      1.911902      1.908088       1.90424      1.900359      1.896446      1.892499       1.88852      1.884508      1.880463      1.876385      1.872274      1.868131      1.863954      1.859744      1.855502      1.851226      1.846918      1.842576      1.838202      1.833794      1.829353       1.82488      1.820373      1.815834      1.811261      1.806655      1.802016      1.797344      1.792639      1.787901      1.783129      1.778325      1.773487      1.768616      1.763712      1.758775      1.753805      1.748802      1.743765      1.738695      1.733592      1.728456      1.723286      1.718083      1.712847      1.707578      1.702275       1.69694       1.69157      1.686168      1.680732      1.675263      1.669761      1.664225      1.658656      1.653054      1.647418      1.641749      1.636046      1.630311      1.624541      1.618739      1.612903      1.607033       1.60113      1.595194      1.589224      1.583221      1.577184      1.571114      1.565011      1.558874      1.552703      1.546499      1.540261       1.53399      1.527686      1.521348      1.514976      1.508571      1.502132       1.49566      1.489154      1.482615      1.476042      1.469435      1.462795      1.456121      1.449414      1.442673      1.435898       1.42909      1.422248      1.415373      1.408464      1.401521      1.394544      1.387534       1.38049      1.373413      1.366302      1.359157      1.351978      1.344766       1.33752       1.33024      1.322927       1.31558      1.308199      1.300784      1.293335      1.285853      1.278337      1.270787      1.263204      1.255587      1.247935       1.24025      1.232532      1.224779      1.216993      1.209173      1.201319      1.193431      1.185509      1.177553      1.169564      1.161541      1.153484      1.145393      1.137268      1.129109      1.120916       1.11269      1.104429      1.096135      1.087806      1.079444      1.071048      1.062618      1.054154      1.045656      1.037124      1.028558      1.019958      1.011325      1.002657     0.9939552     0.9852195     0.9764498     0.9676461     0.9588085     0.9499368     0.9410311     0.9320914     0.9231177       0.91411     0.9050682     0.8959924     0.8868826     0.8777388     0.8685609     0.8593489     0.8501029     0.8408228     0.8315087     0.8221604     0.8127782     0.8033618     0.7939113     0.7844268     0.7749082     0.7653554     0.7557686     0.7461476     0.7364926     0.7268034     0.7170801     0.7073227     0.6975311     0.6877054     0.6778456     0.6679516     0.6580235     0.6480612     0.6380648     0.6280342     0.6179694     0.6078705     0.5977374     0.5875701     0.5773686      0.567133     0.5568631     0.5465591     0.5362209     0.5258484     0.5154418     0.5050009     0.4945258     0.4840166      0.473473     0.4628953     0.4522833     0.4416371     0.4309567      0.420242      0.409493     0.3987099     0.3878924     0.3770407     0.3661548     0.3552346     0.3442801     0.3332913     0.3222683      0.311211     0.3001194     0.2889935     0.2778333     0.2666389     0.2554101      0.244147     0.2328497      0.221518      0.210152     0.1987517     0.1873171     0.1758482      0.164345     0.1528074     0.1412355     0.1296292     0.1179887     0.1063137    0.09460449    0.08286089    0.07108294    0.05927064    0.04742398    0.03554297    0.02362759    0.01167786 -0.0003062475   -0.01232472   -0.02437757   -0.03646479   -0.04858638   -0.06074236   -0.07293272   -0.08515747   -0.09741661    -0.1097101    -0.1220381    -0.1344004    -0.1467971    -0.1592282    -0.1716938    -0.1841937     -0.196728    -0.2092968       -0.2219    -0.2345376    -0.2472096     -0.259916    -0.2726569    -0.2854322    -0.2982419    -0.3110861    -0.3239647    -0.3368777    -0.3498252    -0.3628071    -0.3758234    -0.3888742    -0.4019595    -0.4150792    -0.4282334     -0.441422     -0.454645    -0.4679026    -0.4811946     -0.494521    -0.5078819    -0.5212773    -0.5347072    -0.5481715    -0.5616704    -0.5752036    -0.5887714    -0.6023736    -0.6160104    -0.6296816    -0.6433873    -0.6571275    -0.6709022    -0.6847113     -0.698555    -0.7124331    -0.7263458    -0.7402929    -0.7542746    -0.7682908    -0.7823414    -0.7964266    -0.8105462    -0.8247004    -0.8388891    -0.8531123      -0.86737    -0.8816623     -0.895989    -0.9103503    -0.9247461    -0.9391764    -0.9536412    -0.9681405    -0.9826744    -0.9972428     -1.011846     -1.026483     -1.041155     -1.055862     -1.070603     -1.085378     -1.100188     -1.115033     -1.129912     -1.144826     -1.159774     -1.174757     -1.189774     -1.204826     -1.219913     -1.235034     -1.250189     -1.265379     -1.280604     -1.295863     -1.311157     -1.326485     -1.341848     -1.357245     -1.372677     -1.388144     -1.403645      -1.41918     -1.434751     -1.450355     -1.465995     -1.481668     -1.497377      -1.51312     -1.528897     -1.544709     -1.560556     -1.576437     -1.592353     -1.608303     -1.624288     -1.640308     -1.656362      -1.67245     -1.688573     -1.704731     -1.720923      -1.73715     -1.753412     -1.769708     -1.786038     -1.802403     -1.818803     -1.835237     -1.851706     -1.868209     -1.884747      -1.90132     -1.917927     -1.934569     -1.951245     -1.967956     -1.984701     -2.001481     -2.018295     -2.035144     -2.052028     -2.068946     -2.085899     -2.102886     -2.119908     -2.136965     -2.154056     -2.171182     -2.188342     -2.205537     -2.222766      -2.24003     -2.257328     -2.274661     -2.292029     -2.309431     -2.326868     -2.344339     -2.361845     -2.379385      -2.39696      -2.41457     -2.432214     -2.449893     -2.467606     -2.485354     -2.503136     -2.520953     -2.538805     -2.556691     -2.574611     -2.592566     -2.610556      -2.62858     -2.646639     -2.664733      -2.68286     -2.701023      -2.71922     -2.737452     -2.755718     -2.774018     -2.792354     -2.810723     -2.829128     -2.847567      -2.86604     -2.884548      -2.90309     -2.921668     -2.940279     -2.958925     -2.977606     -2.996321     -3.015071     -3.033855     -3.052674     -3.071527     -3.090415     -3.109337     -3.128294     -3.147286
          nan           nan           nan           nan           nan           nan           nan           nan           nan           nan           nan           nan           nan           nan           nan           nan           nan           nan           nan           nan           nan           nan           nan           nan           nan           nan           nan           nan           nan           nan           nan           nan           nan           nan           nan           nan           nan           nan           nan           nan           nan           nan           nan           nan           nan           nan           nan           nan           nan           nan           nan           nan           nan           nan           nan           nan           nan           nan           nan           nan           nan           nan           nan           nan           nan           nan           nan           nan           nan           nan           nan           nan           nan           nan           nan           nan           nan           nan           nan           nan           nan           nan           nan           nan           nan           nan           nan           nan           nan           nan           nan           nan           nan           nan           nan           nan           nan           nan           nan           nan           nan           nan           nan           nan           nan           nan           nan           nan           nan           nan           nan           nan           nan           nan           nan           nan           nan           nan           nan           nan           nan           nan           nan           nan           nan           nan           nan           nan           nan           nan           nan           nan           nan           nan           nan           nan           nan           nan           nan           nan           nan           nan           nan           nan           nan           nan           nan           nan           nan           nan           nan           nan           nan           nan           nan           nan           nan           nan           nan           nan           nan           nan           nan           nan           nan           nan           nan           nan           nan           nan           nan           nan           nan           nan           nan           nan           nan           nan           nan           nan           nan           nan           nan           nan           nan           nan           nan           nan           nan           nan           nan           nan           nan           nan           nan           nan           nan           nan           nan           nan           nan           nan           nan           nan           nan           nan           nan           nan           nan           nan           nan           nan           nan           nan           nan           nan           nan           nan           nan           nan           nan           nan           nan           nan           nan           nan           nan           nan           nan           nan           nan           nan           nan           nan           nan           nan           nan           nan           nan           nan           nan           nan           nan           nan           nan           nan           nan           nan           nan           nan           nan           nan           nan           nan           nan           nan           nan           nan           nan           nan           nan           nan           nan           nan           nan           nan           nan           nan           nan           nan           nan           nan           nan           nan           nan           nan           nan           nan           nan           nan           nan           nan           nan           nan           nan           nan           nan           nan           nan           nan           nan           nan           nan           nan           nan           nan           nan           nan           nan           nan           nan           nan           nan           nan           nan           nan           nan           nan           nan           nan           nan           nan           nan           nan           nan           nan           nan           nan           nan           nan           nan           nan           nan           nan           nan           nan           nan           nan           nan           nan           nan           nan           nan           nan           nan           nan           nan           nan           nan           nan           nan           nan           nan           nan           nan           nan           nan           nan           nan           nan           nan           nan           nan           nan           nan           nan           nan           nan           nan           nan           nan           nan           nan           nan           nan           nan           nan           nan           nan           nan           nan           nan           nan           nan           nan           nan           nan           nan           nan           nan           nan           nan           nan           nan           nan           nan           nan           nan           nan           nan           nan           nan           nan           nan           nan           nan           nan           nan           nan           nan           nan           nan           nan           nan           nan           nan           nan           nan           nan           nan           nan           nan           nan           nan           nan           nan           nan           nan           nan           nan           nan           nan           nan           nan           nan           nan           nan           nan           nan           nan           nan           nan           nan           nan           nan           nan           nan           nan           nan           nan           nan           nan           nan           nan           nan           nan           nan           nan           nan           nan           nan           nan           nan           nan           nan           nan           nan           nan           nan           nan           nan           nan           nan           nan           nan           nan           nan           nan           nan           nan           nan           nan           nan           nan           nan           nan           nan           nan           nan           nan           nan           nan           nan           nan           nan           nan           nan           nan           nan           nan           nan           nan           nan           nan           nan           nan           nan           nan           nan           nan           nan           nan           nan           nan           nan           nan           nan           nan           nan           nan           nan           nan           nan           nan           nan           nan           nan           nan           nan           nan           nan           nan           nan           nan           nan           nan           nan           nan           nan           nan           nan           nan           nan           nan           nan           nan           nan           nan           nan           nan           nan           nan           nan           nan           nan           nan           nan           nan           nan           nan           nan           nan           nan           nan           nan           nan           nan           nan           nan           nan           nan           nan           nan           nan           nan           nan           nan           nan           nan           nan           nan           nan           nan           nan           nan           nan           nan           nan           nan           nan           nan           nan           nan           nan           nan           nan           nan           nan           nan           nan           nan           nan           nan           nan           nan           nan           nan           nan           nan           nan           nan           nan           nan           nan           nan           nan           nan           nan           nan           nan           nan           nan           nan           nan           nan           nan           nan           nan           nan           nan           nan           nan           nan           nan           nan           nan           nan           nan           nan           nan           nan           nan           nan           nan           nan           nan           nan           nan           nan           nan           nan           nan           nan           nan           nan           nan           nan           nan           nan           nan           nan           nan           nan           nan           nan           nan           nan           nan           nan           nan           nan           nan           nan           nan           nan           nan           nan           nan           nan           nan           nan           nan           nan           nan           nan           nan           nan           nan           nan           nan           nan           nan           nan           nan           nan           nan           nan           nan           nan           nan           nan           nan           nan           nan           nan           nan           nan           nan           nan           nan           nan           nan           nan           nan           nan           nan           nan           nan           nan           nan           nan           nan           nan           nan           nan           nan           nan           nan           nan           nan           nan           nan           nan           nan           nan           nan           nan           nan           nan           nan           nan           nan           nan           nan           nan           nan           nan           nan           nan           nan           nan           nan           nan           nan           nan           nan           nan           nan           nan           nan           nan           nan           nan           nan           nan           nan           nan           nan           nan           nan           nan           nan           nan           nan           nan           nan           nan           nan           nan           nan           nan           nan           nan           nan           nan           nan           nan           nan           nan           nan           nan           nan           nan           nan           nan           nan           nan           nan           nan           nan           nan           nan           nan           nan           nan           nan           nan           nan           nan           nan           nan           nan           nan           nan           nan           nan           nan           nan           nan           nan           nan           nan           nan           nan           nan           nan           nan           nan           nan           nan           nan           nan           nan           nan           nan           nan           nan           nan           nan           nan           nan           nan           nan           nan           nan           nan           nan           nan           nan           nan           nan           nan           nan           nan           nan           nan           nan           nan           nan           nan           nan           nan           nan           nan           nan           nan           nan           nan           nan           nan           nan           nan           nan           nan           nan           nan           nan           nan           nan           nan           nan           nan           nan           nan           nan           nan           nan           nan           nan           nan           nan           nan           nan           nan           nan           nan           nan           nan           nan           nan           nan           nan           nan           nan           nan           nan           nan           nan           nan           nan           nan           nan           nan           nan           nan           nan           nan           nan           nan           nan           nan           nan           nan           nan           nan           nan           nan           nan           nan           nan           nan           nan           nan           nan           nan           nan           nan           nan           nan           nan           nan           nan           nan           nan           nan           nan           nan           nan           nan           nan           nan           nan           nan           nan           nan           nan           nan           nan           nan           nan           nan           nan           nan           nan           nan           nan           nan           nan           nan           nan           nan           nan           nan           nan           nan           nan           nan           nan           nan           nan           nan           nan           nan           nan           nan           nan           nan           nan           nan           nan           nan           nan           nan           nan           nan           nan           nan           nan           nan           nan           nan           nan           nan           nan           nan           nan           nan           nan           nan           nan           nan           nan           nan           nan           nan           nan           nan           nan           nan           nan           nan           nan           nan           nan           nan           nan           nan           nan           nan           nan           nan           nan           nan           nan           nan           nan           nan           nan           nan           nan           nan           nan           nan           nan           nan           nan           nan           nan           nan           nan           nan           nan           nan           nan           nan           nan           nan           nan           nan           nan           nan           nan           nan           nan           nan           nan           nan           nan           nan           nan           nan           nan           nan           nan           nan           nan           nan           nan           nan           nan           nan           nan           nan           nan           nan           nan           nan           nan           nan           nan           nan           nan           nan           nan           nan           nan           nan           nan           nan           nan           nan           nan           nan           nan           nan           nan           nan           nan           nan           nan           nan           nan           nan           nan           nan           nan           nan           nan           nan           nan           nan           nan           nan           nan           nan           nan           nan           nan           nan           nan           nan           nan           nan           nan           nan           nan           nan           nan           nan           nan           nan           nan           nan           nan           nan           nan           nan           nan           nan           nan           nan           nan           nan           nan           nan           nan           nan           nan           nan           nan           nan           nan           nan           nan           nan           nan           nan           nan           nan           nan           nan           nan           nan           nan           nan           nan           nan           nan           nan           nan           nan           nan           nan           nan           nan           nan           nan           nan           nan           nan           nan           nan           nan           nan           nan           nan           nan           nan           nan           nan           nan           nan           nan           nan           nan           nan           nan           nan           nan           nan           nan           nan           nan           nan           nan           nan           nan           nan           nan           nan           nan           nan           nan           nan           nan           nan           nan           nan           nan           nan           nan           nan           nan           nan           nan           nan           nan           nan           nan           nan           nan           nan           nan           nan           nan           nan           nan           nan           nan           nan           nan           nan           nan           nan           nan           nan           nan           nan           nan           nan           nan           nan           nan           nan           nan           nan           nan           nan           nan           nan           nan           nan           nan           nan           nan           nan           nan           nan           nan           nan           nan           nan           nan           nan           nan           nan           nan           nan           nan           nan           nan           nan           nan           nan           nan           nan           nan           nan           nan           nan           nan           nan           nan           nan           nan           nan           nan           nan           nan           nan           nan           nan           nan           nan           nan           nan           nan           nan           nan           nan           nan           nan           nan           nan           nan           nan           nan           nan           nan           nan           nan           nan           nan           nan           nan           nan           nan           nan           nan           nan           nan           nan           nan           nan           nan           nan           nan           nan           nan           nan           nan           nan           nan           nan           nan           nan           nan           nan           nan           nan           nan           nan           nan           nan           nan           nan           nan           nan           nan           nan           nan           nan           nan           nan           nan           nan           nan           nan           nan           nan           nan           nan           nan           nan           nan           nan           nan           nan           nan           nan           nan           nan           nan           nan           nan           nan           nan           nan           nan           nan           nan           nan           nan           nan           nan           nan           nan           nan           nan           nan           nan           nan           nan           nan           nan           nan           nan           nan           nan           nan           nan           nan           nan           nan           nan           nan           nan           nan           nan           nan           nan           nan           nan           nan           nan           nan           nan           nan           nan           nan           nan           nan           nan           nan           nan           nan           nan           nan           nan           nan           nan           nan           nan           nan           nan           nan           nan           nan           nan           nan           nan           nan           nan           nan           nan           nan           nan           nan           nan           nan           nan           nan           nan           nan           nan           nan           nan           nan           nan           nan           nan           nan           nan           nan           nan           nan           nan           nan           nan           nan           nan           nan           nan           nan           nan           nan           nan           nan           nan           nan           nan           nan           nan           nan           nan           nan           nan           nan           nan           nan           nan           nan           nan           nan           nan           nan           nan           nan           nan           nan           nan           nan           nan           nan           nan           nan           nan           nan           nan           nan           nan           nan           nan           nan           nan           nan           nan           nan           nan           nan           nan           nan           nan           nan           nan           nan           nan           nan           nan           nan           nan           nan           nan           nan           nan           nan           nan           nan           nan           nan           nan           nan           nan           nan           nan           nan           nan           nan           nan           nan           nan           nan           nan           nan           nan           nan           nan           nan           nan           nan           nan           nan           nan           nan           nan           nan           nan           nan           nan           nan           nan           nan           nan           nan           nan           nan           nan           nan           nan           nan           nan           nan           nan           nan           nan           nan           nan           nan           nan           nan           nan
nan
