$\vec{x}_{0}(t,u)$  &
25 &
13.74159 &
7.6051 &
4.302712 &
2.465823 &
1.384659 &
0.7664368 &
0.4224243 &
0.2326271 &
0.1281732 &
0.07073718 &
$\vec{x}_{0}(t,u)$  &
25 &
13.94085 &
8.369862 &
6.824716 &
10.09505 &
21.86508 &
45.81819 &
76.63082 &
103.7397 &
122.66 &
134.3886 &
	  &
150 &
3.2 &
2 &
$\vec{x}_{-11111}(t,u)$  &
12.61809 &
10.95716 &
9.296225 &
7.635293 &
5.974361 &
4.313429 &
2.652496 &
0.9915642 &
-0.669368 &
-2.3303 &
-3.991232 &
$\vec{x}_{-11111}(t,u)$  &
-20.11697 &
-6.303671 &
7.509628 &
21.32293 &
35.13623 &
48.94953 &
62.76282 &
76.57612 &
90.38942 &
104.2027 &
118.016 &
	  &
150 &
3.2 &
2 &
        25   24.87543   24.75148   24.62815   24.50544   24.38334   24.26185   24.14097   24.02069   23.90102   23.78194   23.66345   23.54556   23.42826   23.31155   23.19541   23.07986   22.96489   22.85049   22.73666   22.62341   22.51071   22.39859   22.28702   22.17601   22.06555   21.95565    21.8463   21.73749   21.62923   21.52151   21.41433   21.30769   21.20158     21.096   20.99094   20.88642   20.78241   20.67893   20.57596   20.47351   20.37157   20.27015   20.16923   20.06881    19.9689   19.86949   19.77057   19.67215   19.57423   19.47679   19.37984   19.28338    19.1874    19.0919   18.99688   18.90233   18.80826   18.71466   18.62153   18.52886   18.43666   18.34492   18.25364   18.16282   18.07245   17.98254   17.89308   17.80406   17.71549   17.62737   17.53968   17.45244   17.36563   17.27926   17.19333   17.10782   17.02274   16.93809   16.85386   16.77006   16.68668   16.60371   16.52116   16.43903    16.3573   16.27599   16.19509   16.11459    16.0345   15.95481   15.87551   15.79662   15.71812   15.64002   15.56231   15.48499   15.40806   15.33152   15.25536   15.17958   15.10418   15.02916   14.95452   14.88026   14.80637   14.73285    14.6597   14.58692    14.5145   14.44245   14.37076   14.29943   14.22847   14.15785    14.0876    14.0177   13.94815   13.87895    13.8101   13.74159   13.67343   13.60562   13.53814   13.47101   13.40421   13.33776   13.27163   13.20584   13.14039   13.07526   13.01046   12.94599   12.88184   12.81802   12.75452   12.69134   12.62848   12.56594   12.50371    12.4418    12.3802   12.31892   12.25794   12.19727   12.13691   12.07685    12.0171   11.95765    11.8985   11.83965    11.7811   11.72284   11.66488   11.60722   11.54984   11.49276   11.43596   11.37946   11.32324   11.26731   11.21166   11.15629    11.1012    11.0464   10.99187   10.93762   10.88364   10.82994   10.77651   10.72335   10.67047   10.61785    10.5655   10.51342    10.4616   10.41005   10.35875   10.30772   10.25695   10.20644   10.15619   10.10619   10.05645   10.00696   9.957725    9.90874   9.860006    9.81152   9.763282   9.715291   9.667545   9.620043   9.572784   9.525767    9.47899   9.432453   9.386154   9.340092   9.294266   9.248675   9.203318   9.158193     9.1133   9.068637   9.024203   8.979998   8.936019   8.892266   8.848738   8.805434   8.762352   8.719492   8.676852   8.634431   8.592229   8.550244   8.508475   8.466922   8.425582   8.384456   8.343541   8.302838   8.262344    8.22206   8.181983   8.142113   8.102449    8.06299   8.023735   7.984682   7.945832   7.907182   7.868733   7.830482   7.792429   7.754573   7.716913   7.679448   7.642177     7.6051   7.568214    7.53152   7.495016   7.458701   7.422575   7.386636   7.350883   7.315317   7.279934   7.244736    7.20972   7.174887   7.140234   7.105761   7.071468   7.037353   7.003415   6.969654   6.936068   6.902657    6.86942   6.836356   6.803464   6.770743   6.738192   6.705811   6.673598   6.641553   6.609675   6.577963   6.546416   6.515034   6.483815   6.452758   6.421863   6.391129   6.360555    6.33014   6.299884   6.269785   6.239843   6.210057   6.180425   6.150948   6.121625   6.092454   6.063435   6.034567   6.005849    5.97728    5.94886   5.920587   5.892462   5.864482   5.836648   5.808959   5.781413    5.75401   5.726749    5.69963   5.672651   5.645813   5.619113   5.592551   5.566127   5.539839   5.513688   5.487671   5.461789   5.436041   5.410425   5.384942    5.35959   5.334368   5.309276   5.284314   5.259479   5.234772   5.210192   5.185738    5.16141   5.137206   5.113126   5.089169   5.065334   5.041621   5.018029   4.994557   4.971205   4.947971   4.924855   4.901857   4.878975    4.85621   4.833559   4.811023   4.788601   4.766291   4.744094   4.722009   4.700035   4.678171   4.656417   4.634771   4.613234   4.591805   4.570482   4.549266   4.528155   4.507149   4.486247   4.465448   4.444753    4.42416   4.403668   4.383278   4.362987   4.342797   4.322705   4.302712   4.282816   4.263018   4.243316   4.223709   4.204199   4.184782    4.16546   4.146231   4.127095   4.108052     4.0891   4.070238   4.051468   4.032787   4.014195   3.995693   3.977278   3.958951   3.940711   3.922557   3.904489   3.886507   3.868609   3.850795   3.833065   3.815419   3.797855   3.780373   3.762972   3.745653   3.728414   3.711255   3.694176   3.677176   3.660254    3.64341   3.626644   3.609955   3.593342   3.576806   3.560345   3.543959   3.527648   3.511411   3.495248   3.479158   3.463142   3.447197   3.431325   3.415524   3.399794   3.384135   3.368547   3.353028   3.337579   3.322198   3.306887   3.291643   3.276468    3.26136   3.246319   3.231345   3.216437   3.201595   3.186819   3.172107   3.157461   3.142879   3.128362   3.113908   3.099517    3.08519   3.070926   3.056723   3.042583   3.028505   3.014488   3.000532   2.986638   2.972803   2.959029   2.945315    2.93166   2.918064   2.904528    2.89105    2.87763   2.864269   2.850965   2.837719   2.824531   2.811399   2.798324   2.785305   2.772343   2.759437   2.746586    2.73379    2.72105   2.708365   2.695734   2.683158   2.670636   2.658168   2.645753   2.633392   2.621084   2.608829   2.596627   2.584478   2.572381   2.560336   2.548342   2.536401    2.52451   2.512671   2.500883   2.489146    2.47746   2.465823   2.454237   2.442701   2.431215   2.419778   2.408391   2.397053   2.385763   2.374523   2.363331   2.352188   2.341093   2.330045   2.319046   2.308095    2.29719   2.286334   2.275524   2.264761   2.254045   2.243376   2.232753   2.222176   2.211645    2.20116   2.190721   2.180328    2.16998   2.159677   2.149419   2.139206   2.129037   2.118914   2.108834   2.098799   2.088808   2.078861   2.068957   2.059098   2.049281   2.039508   2.029778   2.020091   2.010446   2.000845   1.991285   1.981768   1.972294   1.962861    1.95347   1.944121   1.934813   1.925547   1.916322   1.907138   1.897995   1.888893   1.879832   1.870811    1.86183    1.85289    1.84399   1.835129   1.826309   1.817528   1.808786   1.800084   1.791421   1.782797   1.774212   1.765665   1.757158   1.748689   1.740258   1.731865    1.72351   1.715193   1.706914   1.698673   1.690469   1.682302   1.674173    1.66608   1.658025   1.650006   1.642024   1.634078   1.626169   1.618296   1.610459   1.602658   1.594892   1.587163   1.579469    1.57181   1.564186   1.556598   1.549045   1.541526   1.534042   1.526593   1.519178   1.511797   1.504451   1.497139    1.48986   1.482615   1.475404   1.468227   1.461082   1.453971   1.446893   1.439848   1.432836   1.425857    1.41891   1.411995   1.405113   1.398263   1.391445   1.384659   1.377905   1.371182   1.364491   1.357832   1.351203   1.344606    1.33804   1.331504      1.325   1.318525   1.312082   1.305669   1.299286   1.292933    1.28661   1.280317   1.274054   1.267821   1.261616   1.255442   1.249296    1.24318   1.237093   1.231034   1.225004   1.219003   1.213031   1.207086   1.201171   1.195283   1.189423   1.183591   1.177787   1.172011   1.166262    1.16054   1.154846   1.149179   1.143539   1.137926    1.13234   1.126781   1.121248   1.115742   1.110262   1.104808    1.09938   1.093979   1.088603   1.083253   1.077929    1.07263   1.067357   1.062109   1.056887   1.051689   1.046517   1.041369   1.036246   1.031148   1.026075   1.021026   1.016001      1.011   1.006024   1.001071  0.9961428  0.9912381   0.986357  0.9814996  0.9766656   0.971855  0.9670676  0.9623034  0.9575623  0.9528441  0.9481487  0.9434761  0.9388261  0.9341987  0.9295936   0.925011  0.9204505  0.9159121  0.9113958  0.9069014  0.9024288  0.8979779  0.8935487   0.889141  0.8847547  0.8803897  0.8760459  0.8717233  0.8674216   0.863141  0.8588811   0.854642  0.8504235  0.8462256  0.8420481   0.837891  0.8337541  0.8296374  0.8255407  0.8214641  0.8174073  0.8133703   0.809353  0.8053553  0.8013772  0.7974184   0.793479  0.7895588  0.7856578  0.7817758  0.7779128  0.7740687  0.7702434  0.7664368  0.7626488  0.7588793  0.7551283  0.7513956  0.7476812  0.7439849  0.7403068  0.7366467  0.7330044  0.7293801  0.7257735  0.7221845  0.7186132  0.7150593  0.7115229  0.7080038  0.7045019  0.7010173  0.6975497  0.6940991  0.6906655  0.6872487  0.6838487  0.6804653  0.6770986  0.6737484  0.6704146  0.6670973  0.6637962  0.6605113  0.6572425  0.6539899  0.6507532  0.6475324  0.6443274  0.6411382  0.6379647  0.6348068  0.6316644  0.6285374  0.6254259  0.6223296  0.6192486  0.6161827  0.6131319  0.6100962  0.6070754  0.6040694  0.6010782  0.5981018    0.59514  0.5921928  0.5892602  0.5863419  0.5834381  0.5805485  0.5776732   0.574812   0.571965   0.569132  0.5663129  0.5635077  0.5607164  0.5579388  0.5551749  0.5524247   0.549688  0.5469648   0.544255  0.5415586  0.5388755  0.5362056  0.5335489  0.5309053  0.5282748  0.5256572  0.5230526  0.5204608  0.5178818  0.5153155  0.5127619  0.5102209  0.5076925  0.5051765   0.502673  0.5001818   0.497703  0.4952363  0.4927819  0.4903396  0.4879093  0.4854911  0.4830848  0.4806904  0.4783078   0.475937  0.4735779  0.4712304  0.4688946  0.4665703  0.4642575  0.4619562  0.4596662  0.4573875  0.4551201  0.4528639  0.4506189   0.448385  0.4461621  0.4439502  0.4417493  0.4395592    0.43738  0.4352116  0.4330538  0.4309068  0.4287704  0.4266445  0.4245292  0.4224243  0.4203299  0.4182458   0.416172  0.4141085  0.4120552  0.4100121  0.4079791  0.4059561  0.4039432  0.4019402  0.3999471  0.3979639  0.3959906   0.394027  0.3920731  0.3901289  0.3881943  0.3862693  0.3843538  0.3824479  0.3805513  0.3786642  0.3767864  0.3749179  0.3730587  0.3712086  0.3693678   0.367536  0.3657134  0.3638997  0.3620951  0.3602994  0.3585126  0.3567346  0.3549655  0.3532051  0.3514534  0.3497105  0.3479761  0.3462504  0.3445332  0.3428245  0.3411243  0.3394325  0.3377492  0.3360741  0.3344074  0.3327489  0.3310986  0.3294566  0.3278226  0.3261968   0.324579  0.3229693  0.3213675  0.3197737  0.3181878  0.3166097  0.3150395   0.313477  0.3119223  0.3103753   0.308836  0.3073044  0.3057803  0.3042638  0.3027548  0.3012532  0.2997592  0.2982725  0.2967932  0.2953213  0.2938567  0.2923993  0.2909492  0.2895062  0.2880704  0.2866418  0.2852202  0.2838057  0.2823982  0.2809976  0.2796041  0.2782174  0.2768376  0.2754647  0.2740986  0.2727393  0.2713867  0.2700408  0.2687016  0.2673691  0.2660431  0.2647238   0.263411  0.2621047  0.2608049  0.2595115  0.2582246   0.256944  0.2556699   0.254402  0.2531404  0.2518851   0.250636  0.2493932  0.2481565  0.2469259  0.2457015  0.2444831  0.2432708  0.2420644  0.2408641  0.2396698  0.2384813  0.2372988  0.2361222  0.2349513  0.2337864  0.2326271  0.2314737   0.230326  0.2291839  0.2280476  0.2269169  0.2257918  0.2246722  0.2235583  0.2224499   0.221347  0.2202495  0.2191575   0.218071  0.2169898   0.215914  0.2148436  0.2137784  0.2127186   0.211664  0.2106146  0.2095705  0.2085316  0.2074978  0.2064691  0.2054456  0.2044271  0.2034138  0.2024054   0.201402  0.2004037  0.1994103  0.1984218  0.1974382  0.1964596  0.1954858  0.1945168  0.1935526  0.1925932  0.1916386  0.1906888  0.1897436  0.1888032  0.1878674  0.1869363  0.1860098  0.1850879  0.1841706  0.1832579  0.1823496  0.1814459  0.1805467   0.179652  0.1787617  0.1778758  0.1769943  0.1761172  0.1752445  0.1743761   0.173512  0.1726522  0.1717967  0.1709454  0.1700984  0.1692556   0.168417  0.1675825  0.1667522   0.165926  0.1651039  0.1642859   0.163472  0.1626621  0.1618562  0.1610543  0.1602565  0.1594626  0.1586726  0.1578866  0.1571044  0.1563262  0.1555518  0.1547813  0.1540146  0.1532517  0.1524926  0.1517373  0.1509857  0.1502379  0.1494938  0.1487534  0.1480167  0.1472836  0.1465542  0.1458284  0.1451062  0.1443876  0.1436725  0.1429611  0.1422531  0.1415487  0.1408478  0.1401504  0.1394564  0.1387659  0.1380788  0.1373952  0.1367149   0.136038  0.1353645  0.1346943  0.1340275   0.133364  0.1327037  0.1320468  0.1313931  0.1307427  0.1300955  0.1294515  0.1288108  0.1281732  0.1275388  0.1269075  0.1262794  0.1256544  0.1250325  0.1244137   0.123798  0.1231853  0.1225757  0.1219691  0.1213655   0.120765  0.1201674  0.1195728  0.1189811  0.1183924  0.1178066  0.1172238  0.1166438  0.1160667  0.1154925  0.1149211  0.1143526  0.1137869   0.113224   0.112664  0.1121067  0.1115521  0.1110004  0.1104513   0.109905  0.1093615  0.1088206  0.1082824  0.1077469  0.1072141  0.1066839  0.1061563  0.1056314  0.1051091  0.1045893  0.1040722  0.1035576  0.1030456  0.1025361  0.1020292  0.1015248  0.1010229  0.1005235  0.1000266 0.09953213 0.09904014  0.0985506 0.09806349  0.0975788 0.09709653 0.09661665 0.09613916 0.09566405 0.09519129 0.09472089 0.09425283  0.0937871 0.09332368 0.09286257 0.09240376 0.09194722 0.09149295 0.09104095 0.09059119 0.09014367 0.08969838  0.0892553 0.08881442 0.08837574 0.08793924 0.08750491 0.08707274 0.08664272 0.08621484 0.08578908 0.08536545 0.08494392 0.08452449 0.08410715 0.08369188 0.08327867 0.08286753 0.08245842 0.08205136 0.08164631 0.08124329 0.08084226 0.08044323 0.08004619 0.07965112 0.07925802 0.07886687 0.07847767  0.0780904 0.07770506 0.07732164 0.07694013 0.07656051 0.07618278 0.07580693 0.07543295 0.07506083 0.07469056 0.07432213 0.07395554 0.07359077 0.07322781 0.07286666 0.07250731 0.07214974 0.07179396 0.07143994 0.07108768 0.07073718
        25   24.87651   24.75365   24.63142   24.50981   24.38881   24.26844   24.14867   24.02952   23.91097   23.79303   23.67569   23.55895    23.4428   23.32724   23.21228    23.0979   22.98411    22.8709   22.75827   22.64621   22.53473   22.42382   22.31348    22.2037   22.09448   21.98583   21.87773   21.77018   21.66319   21.55675   21.45086   21.34551    21.2407   21.13643   21.03269    20.9295   20.82683   20.72469   20.62308   20.52199   20.42143   20.32139   20.22186   20.12284   20.02434   19.92635   19.82887   19.73189   19.63542   19.53944   19.44396   19.34898    19.2545    19.1605   19.06699   18.97398   18.88144   18.78939   18.69782   18.60672   18.51611   18.42596   18.33629   18.24709   18.15835   18.07008   17.98227   17.89493   17.80804   17.72161   17.63564   17.55011   17.46504   17.38042   17.29624   17.21251   17.12923   17.04638   16.96397     16.882   16.80047   16.71936   16.63869   16.55845   16.47864   16.39925   16.32029   16.24174   16.16362   16.08592   16.00863   15.93176    15.8553   15.77925   15.70362   15.62838   15.55356   15.47914   15.40512   15.33151   15.25829   15.18547   15.11305   15.04102   14.96938   14.89813   14.82728   14.75681   14.68672   14.61703   14.54771   14.47878   14.41022   14.34205   14.27425   14.20682   14.13977    14.0731   14.00679   13.94085   13.87528   13.81008   13.74524   13.68077   13.61665    13.5529   13.48951   13.42647   13.36379   13.30147    13.2395   13.17789   13.11662    13.0557   12.99514   12.93492   12.87504   12.81551   12.75633   12.69748   12.63898   12.58082   12.52299    12.4655   12.40835   12.35153   12.29505    12.2389   12.18308   12.12759   12.07243   12.01759   11.96309    11.9089   11.85505   11.80151    11.7483   11.69541   11.64284   11.59059   11.53866   11.48705   11.43575   11.38476   11.33409   11.28373   11.23369   11.18395   11.13453   11.08541   11.03661   10.98811   10.93991   10.89203   10.84444   10.79716   10.75018   10.70351   10.65714   10.61106   10.56529   10.51981   10.47463   10.42975   10.38517   10.34088   10.29688   10.25318   10.20977   10.16665   10.12383   10.08129   10.03905   9.997096    9.95543   9.914052   9.872961   9.832157   9.791639   9.751406   9.711458   9.671794   9.632414   9.593316     9.5545   9.515967   9.477714   9.439742   9.402049   9.364636   9.327502   9.290647   9.254069   9.217768   9.181744   9.145997   9.110525   9.075329   9.040408   9.005761   8.971388   8.937289   8.903463    8.86991   8.836629    8.80362   8.770883   8.738417   8.706222   8.674297   8.642643   8.611258   8.580143   8.549298   8.518721   8.488413   8.458373   8.428602   8.399098   8.369862   8.340893   8.312192   8.283757   8.255589   8.227688   8.200053   8.172684   8.145581   8.118744   8.092173   8.065867   8.039827   8.014052   7.988542   7.963297   7.938317   7.913602   7.889152   7.864967   7.841047   7.817391   7.794001   7.770874   7.748013   7.725416   7.703084   7.681017   7.659214   7.637677   7.616404   7.595396   7.574653   7.554175   7.533963   7.514015   7.494334   7.474917   7.455767   7.436882   7.418264   7.399911   7.381825   7.364005   7.346453   7.329167   7.312148   7.295397   7.278913   7.262698    7.24675   7.231071   7.215661    7.20052   7.185648   7.171045   7.156713   7.142651    7.12886    7.11534   7.102091   7.089114    7.07641   7.063978   7.051818   7.039933   7.028321   7.016984   7.005921   6.995133   6.984622   6.974386   6.964428   6.954746   6.945343   6.936217   6.927371   6.918804   6.910517   6.902511   6.894785   6.887342   6.880181   6.873303   6.866709   6.860399   6.854374   6.848635   6.843182   6.838017   6.833139    6.82855    6.82425    6.82024   6.816521   6.813093   6.809958   6.807116   6.804568   6.802315   6.800358   6.798697   6.797333   6.796268   6.795502   6.795036   6.794871   6.795008   6.795448   6.796192    6.79724   6.798595   6.800256   6.802225   6.804503   6.807091   6.809989     6.8132   6.816724   6.820563   6.824716   6.829186   6.833974   6.839081   6.844507   6.850255   6.856325   6.862719   6.869438   6.876482   6.883854   6.891555   6.899586   6.907948   6.916643   6.925671   6.935035   6.944736   6.954774   6.965153   6.975872   6.986933   6.998339    7.01009   7.022187   7.034633   7.047429   7.060577   7.074077   7.087932   7.102143   7.116712    7.13164    7.14693   7.162582   7.178599   7.194982   7.211733   7.228853   7.246345    7.26421    7.28245   7.301067   7.320062   7.339438   7.359197   7.379339   7.399868   7.420785   7.442092   7.463791   7.485884   7.508373    7.53126   7.554547   7.578236   7.602329   7.626829   7.651737   7.677056   7.702787   7.728934   7.755497    7.78248   7.809885   7.837713   7.865967    7.89465   7.923764    7.95331   7.983292   8.013712   8.044572   8.075874   8.107622   8.139817   8.172462   8.205559   8.239111   8.273121    8.30759   8.342522    8.37792   8.413785    8.45012   8.486929   8.524213   8.561975   8.600219   8.638946    8.67816   8.717863   8.758057   8.798747   8.839935   8.881622   8.923813    8.96651   9.009716   9.053434   9.097667   9.142417   9.187688   9.233483   9.279804   9.326655   9.374039   9.421958   9.470415   9.519415   9.568959   9.619051   9.669693    9.72089   9.772644   9.824959   9.877837   9.931281   9.985295   10.03988   10.09505   10.15079   10.20711   10.26403   10.32153   10.37962   10.43831    10.4976   10.55749   10.61798   10.67909    10.7408   10.80314   10.86609   10.92966   10.99386   11.05869   11.12415   11.19024   11.25698   11.32436   11.39238   11.46105   11.53038   11.60036     11.671    11.7423   11.81427   11.88691   11.96023   12.03422   12.10889   12.18424   12.26028   12.33701   12.41443   12.49255   12.57138    12.6509   12.73113   12.81208   12.89374   12.97611   13.05921   13.14303   13.22757   13.31285   13.39887   13.48562   13.57311   13.66135   13.75033   13.84007   13.93056    14.0218   14.11381   14.20658   14.30012   14.39444   14.48952   14.58538   14.68202   14.77945   14.87766   14.97666   15.07646   15.17705   15.27843   15.38063   15.48362   15.58743   15.69204   15.79747   15.90371   16.01078   16.11867   16.22738   16.33692    16.4473    16.5585   16.67055   16.78343   16.89715   17.01172   17.12714   17.24341   17.36052    17.4785   17.59733   17.71702   17.83757   17.95899   18.08127   18.20442   18.32844   18.45334   18.57911   18.70576   18.83329    18.9617     19.091   19.22118   19.35225    19.4842   19.61705   19.75079   19.88543   20.02096   20.15739   20.29472   20.43295   20.57208   20.71212   20.85306    20.9949   21.13766   21.28132   21.42589   21.57137   21.71777   21.86508    22.0133   22.16243   22.31248   22.46344   22.61533   22.76812   22.92184   23.07647   23.23202   23.38849   23.54588   23.70419   23.86342   24.02356   24.18463   24.34661   24.50951   24.67333   24.83807   25.00373    25.1703   25.33779    25.5062   25.67552   25.84576   26.01691   26.18898   26.36195   26.53584   26.71064   26.88635   27.06297   27.24049   27.41892   27.59825   27.77848   27.95962   28.14165   28.32458   28.50841   28.69313   28.87874   29.06524   29.25262    29.4409   29.63005   29.82009     30.011   30.20279   30.39546   30.58899   30.78339   30.97865   31.17478   31.37177   31.56961    31.7683   31.96785   32.16824   32.36947   32.57154   32.77445    32.9782   33.18277   33.38816   33.59438   33.80141   34.00926   34.21792   34.42738   34.63765   34.84871   35.06057   35.27321   35.48664   35.70084   35.91583   36.13158    36.3481   36.56538   36.78341    37.0022   37.22173   37.44201   37.66302   37.88476   38.10723   38.33042   38.55432   38.77893   39.00425   39.23027   39.45698   39.68437   39.91245    40.1412   40.37063   40.60072   40.83146   41.06286   41.29491    41.5276   41.76092   41.99486   42.22943   42.46462   42.70041   42.93681    43.1738   43.41139   43.64955   43.88829   44.12761   44.36748   44.60791    44.8489   45.09042   45.33248   45.57507   45.81819   46.06182   46.30595   46.55059   46.79573   47.04135   47.28745   47.53402   47.78106   48.02856   48.27652   48.52491   48.77375   49.02301   49.27269    49.5228   49.77331   50.02421   50.27552   50.52721   50.77927   51.03171   51.28451   51.53767   51.79118   52.04502    52.2992   52.55371   52.80854   53.06367   53.31911   53.57485   53.83087   54.08717   54.34375   54.60059    54.8577   55.11505   55.37264   55.63047   55.88853   56.14681    56.4053   56.66399   56.92289   57.18197   57.44123   57.70068   57.96028   58.22005   58.47997   58.74004   59.00024   59.26057   59.52103    59.7816   60.04228   60.30306   60.56393   60.82489   61.08593   61.34704   61.60821   61.86944   62.13071   62.39203   62.65339   62.91477   63.17617   63.43759   63.69901   63.96043   64.22185   64.48325   64.74462   65.00597   65.26728   65.52855   65.78978   66.05094   66.31204   66.57307   66.83403    67.0949   67.35568   67.61637   67.87695   68.13742   68.39777   68.65801   68.91811   69.17808   69.43791   69.69758   69.95711   70.21647   70.47567   70.73469   70.99353   71.25219   71.51065   71.76892   72.02699   72.28484   72.54248    72.7999   73.05709   73.31405   73.57077   73.82725   74.08348   74.33945   74.59516   74.85061   75.10578   75.36068   75.61529   75.86962   76.12366   76.37739   76.63082   76.88395   77.13676   77.38925   77.64142   77.89326   78.14477   78.39594   78.64676   78.89724   79.14737   79.39714   79.64655   79.89559   80.14426   80.39256   80.64047   80.88801   81.13515   81.38191   81.62826   81.87422   82.11977   82.36491   82.60964   82.85395   83.09784   83.34131   83.58435   83.82696   84.06913   84.31086   84.55214   84.79298   85.03337   85.27331   85.51279   85.75181   85.99036   86.22845   86.46606    86.7032   86.93987   87.17605   87.41175   87.64696   87.88169   88.11592   88.34966    88.5829   88.81563   89.04787    89.2796   89.51081   89.74152   89.97171   90.20139   90.43055   90.65918   90.88729   91.11487   91.34193   91.56845   91.79444   92.01989   92.24481   92.46918   92.69302   92.91631   93.13905   93.36125   93.58289   93.80398   94.02452   94.24451   94.46393    94.6828    94.9011   95.11885   95.33603   95.55264   95.76869   95.98417   96.19907   96.41341   96.62717   96.84036   97.05298   97.26501   97.47647   97.68735   97.89765   98.10737    98.3165   98.52505   98.73301   98.94039   99.14719   99.35339   99.55901   99.76403   99.96847   100.1723   100.3756   100.5782   100.7803   100.9818   101.1826   101.3829   101.5826   101.7817   101.9802   102.1781   102.3754   102.5721   102.7682   102.9637   103.1586   103.3529   103.5466   103.7397   103.9322   104.1241   104.3154   104.5061   104.6962   104.8856   105.0745   105.2628   105.4505   105.6376   105.8241     106.01   106.1952   106.3799    106.564   106.7475   106.9303   107.1126   107.2943   107.4753   107.6558   107.8357   108.0149   108.1936   108.3717   108.5491    108.726   108.9023   109.0779    109.253   109.4275   109.6014   109.7747   109.9474   110.1195    110.291   110.4619   110.6322   110.8019    110.971   111.1395   111.3075   111.4748   111.6416   111.8078   111.9734   112.1384   112.3028   112.4666   112.6298   112.7925   112.9546    113.116   113.2769   113.4373    113.597   113.7562   113.9148   114.0728   114.2302    114.387   114.5433    114.699   114.8541   115.0087   115.1627   115.3161   115.4689   115.6212   115.7729   115.9241   116.0747   116.2247   116.3741    116.523   116.6713   116.8191   116.9663   117.1129    117.259   117.4046   117.5496    117.694   117.8379   117.9812    118.124   118.2662   118.4079    118.549   118.6896   118.8296   118.9691   119.1081   119.2465   119.3844   119.5217   119.6585   119.7948   119.9305   120.0658   120.2004   120.3346   120.4682   120.6013   120.7338   120.8659   120.9974   121.1284   121.2588   121.3888   121.5182   121.6471   121.7755   121.9034   122.0308   122.1577    122.284   122.4099   122.5352     122.66   122.7844   122.9082   123.0315   123.1543   123.2766   123.3985   123.5198   123.6406    123.761   123.8808   124.0002    124.119   124.2374   124.3553   124.4727   124.5896   124.7061   124.8221   124.9375   125.0525   125.1671   125.2811   125.3947   125.5078   125.6205   125.7326   125.8443   125.9556   126.0663   126.1767   126.2865   126.3959   126.5048   126.6133   126.7213   126.8289    126.936   127.0426   127.1488   127.2546   127.3599   127.4647   127.5692   127.6731   127.7767   127.8798   127.9824   128.0846   128.1864   128.2878   128.3887   128.4892   128.5892   128.6889    128.788   128.8868   128.9852   129.0831   129.1806   129.2777   129.3744   129.4706   129.5664   129.6619   129.7569   129.8515   129.9457   130.0394   130.1328   130.2258   130.3183   130.4105   130.5023   130.5936   130.6846   130.7752   130.8653   130.9551   131.0445   131.1335   131.2221   131.3103   131.3981   131.4856   131.5726   131.6593   131.7456   131.8315   131.9171   132.0022    132.087   132.1714   132.2555   132.3391   132.4224   132.5054   132.5879   132.6701    132.752   132.8334   132.9145   132.9953   133.0757   133.1557   133.2354   133.3147   133.3936   133.4723   133.5505   133.6284    133.706   133.7832   133.8601   133.9366   134.0128   134.0886   134.1641   134.2393   134.3141   134.3886
    12.61809     12.60425     12.59041     12.57657     12.56273     12.54888     12.53504      12.5212     12.50736     12.49352     12.47968     12.46584       12.452     12.43816     12.42431     12.41047     12.39663     12.38279     12.36895     12.35511     12.34127     12.32743     12.31359     12.29974      12.2859     12.27206     12.25822     12.24438     12.23054      12.2167     12.20286     12.18902     12.17517     12.16133     12.14749     12.13365     12.11981     12.10597     12.09213     12.07829     12.06445      12.0506     12.03676     12.02292     12.00908     11.99524      11.9814     11.96756     11.95372     11.93988     11.92603     11.91219     11.89835     11.88451     11.87067     11.85683     11.84299     11.82915     11.81531     11.80146     11.78762     11.77378     11.75994      11.7461     11.73226     11.71842     11.70458     11.69074     11.67689     11.66305     11.64921     11.63537     11.62153     11.60769     11.59385     11.58001     11.56617     11.55232     11.53848     11.52464      11.5108     11.49696     11.48312     11.46928     11.45544      11.4416     11.42775     11.41391     11.40007     11.38623     11.37239     11.35855     11.34471     11.33087     11.31703     11.30318     11.28934      11.2755     11.26166     11.24782     11.23398     11.22014      11.2063     11.19246     11.17862     11.16477     11.15093     11.13709     11.12325     11.10941     11.09557     11.08173     11.06789     11.05405      11.0402     11.02636     11.01252     10.99868     10.98484       10.971     10.95716     10.94332     10.92948     10.91563     10.90179     10.88795     10.87411     10.86027     10.84643     10.83259     10.81875     10.80491     10.79106     10.77722     10.76338     10.74954      10.7357     10.72186     10.70802     10.69418     10.68034     10.66649     10.65265     10.63881     10.62497     10.61113     10.59729     10.58345     10.56961     10.55577     10.54192     10.52808     10.51424      10.5004     10.48656     10.47272     10.45888     10.44504      10.4312     10.41735     10.40351     10.38967     10.37583     10.36199     10.34815     10.33431     10.32047     10.30663     10.29278     10.27894      10.2651     10.25126     10.23742     10.22358     10.20974      10.1959     10.18206     10.16821     10.15437     10.14053     10.12669     10.11285     10.09901     10.08517     10.07133     10.05749     10.04364      10.0298     10.01596     10.00212      9.98828     9.974439     9.960598     9.946757     9.932916     9.919075     9.905234     9.891393     9.877551      9.86371     9.849869     9.836028     9.822187     9.808346     9.794505     9.780664     9.766823     9.752982      9.73914     9.725299     9.711458     9.697617     9.683776     9.669935     9.656094     9.642253     9.628412     9.614571     9.600729     9.586888     9.573047     9.559206     9.545365     9.531524     9.517683     9.503842     9.490001      9.47616     9.462318     9.448477     9.434636     9.420795     9.406954     9.393113     9.379272     9.365431      9.35159     9.337748     9.323907     9.310066     9.296225     9.282384     9.268543     9.254702     9.240861      9.22702     9.213179     9.199337     9.185496     9.171655     9.157814     9.143973     9.130132     9.116291      9.10245     9.088609     9.074768     9.060926     9.047085     9.033244     9.019403     9.005562     8.991721      8.97788     8.964039     8.950198     8.936357     8.922515     8.908674     8.894833     8.880992     8.867151      8.85331     8.839469     8.825628     8.811787     8.797946     8.784104     8.770263     8.756422     8.742581      8.72874     8.714899     8.701058     8.687217     8.673376     8.659535     8.645693     8.631852     8.618011      8.60417     8.590329     8.576488     8.562647     8.548806     8.534965     8.521123     8.507282     8.493441       8.4796     8.465759     8.451918     8.438077     8.424236     8.410395     8.396554     8.382712     8.368871      8.35503     8.341189     8.327348     8.313507     8.299666     8.285825     8.271984     8.258143     8.244301      8.23046     8.216619     8.202778     8.188937     8.175096     8.161255     8.147414     8.133573     8.119732      8.10589     8.092049     8.078208     8.064367     8.050526     8.036685     8.022844     8.009003     7.995162     7.981321     7.967479     7.953638     7.939797     7.925956     7.912115     7.898274     7.884433     7.870592     7.856751      7.84291     7.829068     7.815227     7.801386     7.787545     7.773704     7.759863     7.746022     7.732181      7.71834     7.704499     7.690657     7.676816     7.662975     7.649134     7.635293     7.621452     7.607611      7.59377     7.579929     7.566087     7.552246     7.538405     7.524564     7.510723     7.496882     7.483041       7.4692     7.455359     7.441518     7.427676     7.413835     7.399994     7.386153     7.372312     7.358471      7.34463     7.330789     7.316948     7.303107     7.289265     7.275424     7.261583     7.247742     7.233901      7.22006     7.206219     7.192378     7.178537     7.164696     7.150854     7.137013     7.123172     7.109331      7.09549     7.081649     7.067808     7.053967     7.040126     7.026285     7.012443     6.998602     6.984761      6.97092     6.957079     6.943238     6.929397     6.915556     6.901715     6.887874     6.874032     6.860191      6.84635     6.832509     6.818668     6.804827     6.790986     6.777145     6.763304     6.749462     6.735621      6.72178     6.707939     6.694098     6.680257     6.666416     6.652575     6.638734     6.624893     6.611051      6.59721     6.583369     6.569528     6.555687     6.541846     6.528005     6.514164     6.500323     6.486482      6.47264     6.458799     6.444958     6.431117     6.417276     6.403435     6.389594     6.375753     6.361912     6.348071     6.334229     6.320388     6.306547     6.292706     6.278865     6.265024     6.251183     6.237342     6.223501      6.20966     6.195818     6.181977     6.168136     6.154295     6.140454     6.126613     6.112772     6.098931      6.08509     6.071249     6.057407     6.043566     6.029725     6.015884     6.002043     5.988202     5.974361      5.96052     5.946679     5.932838     5.918996     5.905155     5.891314     5.877473     5.863632     5.849791      5.83595     5.822109     5.808268     5.794426     5.780585     5.766744     5.752903     5.739062     5.725221      5.71138     5.697539     5.683698     5.669857     5.656015     5.642174     5.628333     5.614492     5.600651      5.58681     5.572969     5.559128     5.545287     5.531446     5.517604     5.503763     5.489922     5.476081      5.46224     5.448399     5.434558     5.420717     5.406876     5.393035     5.379193     5.365352     5.351511      5.33767     5.323829     5.309988     5.296147     5.282306     5.268465     5.254624     5.240782     5.226941       5.2131     5.199259     5.185418     5.171577     5.157736     5.143895     5.130054     5.116213     5.102371      5.08853     5.074689     5.060848     5.047007     5.033166     5.019325     5.005484     4.991643     4.977801      4.96396     4.950119     4.936278     4.922437     4.908596     4.894755     4.880914     4.867073     4.853232      4.83939     4.825549     4.811708     4.797867     4.784026     4.770185     4.756344     4.742503     4.728662     4.714821     4.700979     4.687138     4.673297     4.659456     4.645615     4.631774     4.617933     4.604092     4.590251      4.57641     4.562568     4.548727     4.534886     4.521045     4.507204     4.493363     4.479522     4.465681      4.45184     4.437999     4.424157     4.410316     4.396475     4.382634     4.368793     4.354952     4.341111      4.32727     4.313429     4.299588     4.285746     4.271905     4.258064     4.244223     4.230382     4.216541       4.2027     4.188859     4.175018     4.161177     4.147335     4.133494     4.119653     4.105812     4.091971      4.07813     4.064289     4.050448     4.036607     4.022765     4.008924     3.995083     3.981242     3.967401      3.95356     3.939719     3.925878     3.912037     3.898196     3.884354     3.870513     3.856672     3.842831      3.82899     3.815149     3.801308     3.787467     3.773626     3.759785     3.745943     3.732102     3.718261      3.70442     3.690579     3.676738     3.662897     3.649056     3.635215     3.621374     3.607532     3.593691      3.57985     3.566009     3.552168     3.538327     3.524486     3.510645     3.496804     3.482963     3.469121      3.45528     3.441439     3.427598     3.413757     3.399916     3.386075     3.372234     3.358393     3.344552      3.33071     3.316869     3.303028     3.289187     3.275346     3.261505     3.247664     3.233823     3.219982      3.20614     3.192299     3.178458     3.164617     3.150776     3.136935     3.123094     3.109253     3.095412     3.081571     3.067729     3.053888     3.040047     3.026206     3.012365     2.998524     2.984683     2.970842     2.957001      2.94316     2.929318     2.915477     2.901636     2.887795     2.873954     2.860113     2.846272     2.832431      2.81859     2.804749     2.790907     2.777066     2.763225     2.749384     2.735543     2.721702     2.707861      2.69402     2.680179     2.666338     2.652496     2.638655     2.624814     2.610973     2.597132     2.583291      2.56945     2.555609     2.541768     2.527927     2.514085     2.500244     2.486403     2.472562     2.458721      2.44488     2.431039     2.417198     2.403357     2.389515     2.375674     2.361833     2.347992     2.334151      2.32031     2.306469     2.292628     2.278787     2.264946     2.251104     2.237263     2.223422     2.209581      2.19574     2.181899     2.168058     2.154217     2.140376     2.126535     2.112693     2.098852     2.085011      2.07117     2.057329     2.043488     2.029647     2.015806     2.001965     1.988124     1.974282     1.960441       1.9466     1.932759     1.918918     1.905077     1.891236     1.877395     1.863554     1.849713     1.835871      1.82203     1.808189     1.794348     1.780507     1.766666     1.752825     1.738984     1.725143     1.711302      1.69746     1.683619     1.669778     1.655937     1.642096     1.628255     1.614414     1.600573     1.586732     1.572891     1.559049     1.545208     1.531367     1.517526     1.503685     1.489844     1.476003     1.462162     1.448321     1.434479     1.420638     1.406797     1.392956     1.379115     1.365274     1.351433     1.337592     1.323751      1.30991     1.296068     1.282227     1.268386     1.254545     1.240704     1.226863     1.213022     1.199181      1.18534     1.171499     1.157657     1.143816     1.129975     1.116134     1.102293     1.088452     1.074611      1.06077     1.046929     1.033088     1.019246     1.005405    0.9915642    0.9777231     0.963882    0.9500409    0.9361998    0.9223587    0.9085176    0.8946765    0.8808354    0.8669943    0.8531532    0.8393121     0.825471    0.8116299    0.7977888    0.7839477    0.7701066    0.7562655    0.7424244    0.7285833    0.7147422    0.7009011      0.68706    0.6732189    0.6593778    0.6455367    0.6316956    0.6178545    0.6040134    0.5901723    0.5763312    0.5624901     0.548649    0.5348079    0.5209668    0.5071257    0.4932846    0.4794435    0.4656024    0.4517613    0.4379202    0.4240791     0.410238    0.3963969    0.3825558    0.3687147    0.3548736    0.3410325    0.3271914    0.3133503    0.2995092    0.2856681     0.271827    0.2579859    0.2441448    0.2303037    0.2164626    0.2026214    0.1887803    0.1749392    0.1610981     0.147257    0.1334159    0.1195748    0.1057337   0.09189264   0.07805153   0.06421043   0.05036933   0.03652823   0.02268713  0.008846027 -0.004995075  -0.01883618  -0.03267728  -0.04651838  -0.06035948  -0.07420058  -0.08804168   -0.1018828   -0.1157239    -0.129565   -0.1434061   -0.1572472   -0.1710883   -0.1849294   -0.1987705   -0.2126116   -0.2264527   -0.2402938   -0.2541349    -0.267976   -0.2818171   -0.2956582   -0.3094993   -0.3233404   -0.3371815   -0.3510226   -0.3648637   -0.3787048   -0.3925459    -0.406387   -0.4202281   -0.4340692   -0.4479103   -0.4617514   -0.4755925   -0.4894336   -0.5032747   -0.5171158   -0.5309569    -0.544798   -0.5586391   -0.5724802   -0.5863213   -0.6001624   -0.6140035   -0.6278446   -0.6416857   -0.6555268    -0.669368   -0.6832091   -0.6970502   -0.7108913   -0.7247324   -0.7385735   -0.7524146   -0.7662557   -0.7800968   -0.7939379    -0.807779   -0.8216201   -0.8354612   -0.8493023   -0.8631434   -0.8769845   -0.8908256   -0.9046667   -0.9185078   -0.9323489     -0.94619   -0.9600311   -0.9738722   -0.9877133    -1.001554    -1.015395    -1.029237    -1.043078    -1.056919     -1.07076    -1.084601    -1.098442    -1.112283    -1.126124    -1.139965    -1.153807    -1.167648    -1.181489     -1.19533    -1.209171    -1.223012    -1.236853    -1.250694    -1.264535    -1.278376    -1.292218    -1.306059      -1.3199    -1.333741    -1.347582    -1.361423    -1.375264    -1.389105    -1.402946    -1.416787    -1.430629     -1.44447    -1.458311    -1.472152    -1.485993    -1.499834    -1.513675    -1.527516    -1.541357    -1.555198     -1.56904    -1.582881    -1.596722    -1.610563    -1.624404    -1.638245    -1.652086    -1.665927    -1.679768    -1.693609    -1.707451    -1.721292    -1.735133    -1.748974    -1.762815    -1.776656    -1.790497    -1.804338    -1.818179     -1.83202    -1.845862    -1.859703    -1.873544    -1.887385    -1.901226    -1.915067    -1.928908    -1.942749     -1.95659    -1.970431    -1.984273    -1.998114    -2.011955    -2.025796    -2.039637    -2.053478    -2.067319     -2.08116    -2.095001    -2.108843    -2.122684    -2.136525    -2.150366    -2.164207    -2.178048    -2.191889     -2.20573    -2.219571    -2.233412    -2.247254    -2.261095    -2.274936    -2.288777    -2.302618    -2.316459      -2.3303    -2.344141    -2.357982    -2.371823    -2.385665    -2.399506    -2.413347    -2.427188    -2.441029     -2.45487    -2.468711    -2.482552    -2.496393    -2.510234    -2.524076    -2.537917    -2.551758    -2.565599     -2.57944    -2.593281    -2.607122    -2.620963    -2.634804    -2.648645    -2.662487    -2.676328    -2.690169     -2.70401    -2.717851    -2.731692    -2.745533    -2.759374    -2.773215    -2.787056    -2.800898    -2.814739     -2.82858    -2.842421    -2.856262    -2.870103    -2.883944    -2.897785    -2.911626    -2.925468    -2.939309     -2.95315    -2.966991    -2.980832    -2.994673    -3.008514    -3.022355    -3.036196    -3.050037    -3.063879     -3.07772    -3.091561    -3.105402    -3.119243    -3.133084    -3.146925    -3.160766    -3.174607    -3.188448     -3.20229    -3.216131    -3.229972    -3.243813    -3.257654    -3.271495    -3.285336    -3.299177    -3.313018    -3.326859    -3.340701    -3.354542    -3.368383    -3.382224    -3.396065    -3.409906    -3.423747    -3.437588    -3.451429     -3.46527    -3.479112    -3.492953    -3.506794    -3.520635    -3.534476    -3.548317    -3.562158    -3.575999     -3.58984    -3.603681    -3.617523    -3.631364    -3.645205    -3.659046    -3.672887    -3.686728    -3.700569     -3.71441    -3.728251    -3.742093    -3.755934    -3.769775    -3.783616    -3.797457    -3.811298    -3.825139     -3.83898    -3.852821    -3.866662    -3.880504    -3.894345    -3.908186    -3.922027    -3.935868    -3.949709     -3.96355    -3.977391    -3.991232
   -20.11697    -20.00186    -19.88675    -19.77164    -19.65653    -19.54142    -19.42631    -19.31119    -19.19608    -19.08097    -18.96586    -18.85075    -18.73564    -18.62053    -18.50542    -18.39031     -18.2752    -18.16009    -18.04498    -17.92986    -17.81475    -17.69964    -17.58453    -17.46942    -17.35431     -17.2392    -17.12409    -17.00898    -16.89387    -16.77876    -16.66365    -16.54854    -16.43342    -16.31831     -16.2032    -16.08809    -15.97298    -15.85787    -15.74276    -15.62765    -15.51254    -15.39743    -15.28232    -15.16721    -15.05209    -14.93698    -14.82187    -14.70676    -14.59165    -14.47654    -14.36143    -14.24632    -14.13121     -14.0161    -13.90099    -13.78588    -13.67076    -13.55565    -13.44054    -13.32543    -13.21032    -13.09521     -12.9801    -12.86499    -12.74988    -12.63477    -12.51966    -12.40455    -12.28943    -12.17432    -12.05921     -11.9441    -11.82899    -11.71388    -11.59877    -11.48366    -11.36855    -11.25344    -11.13833    -11.02322     -10.9081    -10.79299    -10.67788    -10.56277    -10.44766    -10.33255    -10.21744    -10.10233    -9.987218    -9.872107    -9.756996    -9.641885    -9.526775    -9.411664    -9.296553    -9.181442    -9.066331    -8.951221     -8.83611    -8.720999    -8.605888    -8.490777    -8.375666    -8.260556    -8.145445    -8.030334    -7.915223    -7.800112    -7.685001    -7.569891     -7.45478    -7.339669    -7.224558    -7.109447    -6.994336    -6.879226    -6.764115    -6.649004    -6.533893    -6.418782    -6.303671    -6.188561     -6.07345    -5.958339    -5.843228    -5.728117    -5.613007    -5.497896    -5.382785    -5.267674    -5.152563    -5.037452    -4.922342    -4.807231     -4.69212    -4.577009    -4.461898    -4.346787    -4.231677    -4.116566    -4.001455    -3.886344    -3.771233    -3.656122    -3.541012    -3.425901     -3.31079    -3.195679    -3.080568    -2.965458    -2.850347    -2.735236    -2.620125    -2.505014    -2.389903    -2.274793    -2.159682    -2.044571     -1.92946    -1.814349    -1.699238    -1.584128    -1.469017    -1.353906    -1.238795    -1.123684    -1.008573   -0.8934627   -0.7783518    -0.663241   -0.5481302   -0.4330194   -0.3179085   -0.2027977  -0.08768687   0.02742395    0.1425348    0.2576456    0.3727564    0.4878673    0.6029781    0.7180889    0.8331997    0.9483106     1.063421     1.178532     1.293643     1.408754     1.523865     1.638976     1.754086     1.869197     1.984308     2.099419      2.21453      2.32964     2.444751     2.559862     2.674973     2.790084     2.905195     3.020305     3.135416     3.250527     3.365638     3.480749      3.59586      3.71097     3.826081     3.941192     4.056303     4.171414     4.286525     4.401635     4.516746     4.631857     4.746968     4.862079     4.977189       5.0923     5.207411     5.322522     5.437633     5.552744     5.667854     5.782965     5.898076     6.013187     6.128298     6.243409     6.358519      6.47363     6.588741     6.703852     6.818963     6.934074     7.049184     7.164295     7.279406     7.394517     7.509628     7.624738     7.739849      7.85496     7.970071     8.085182     8.200293     8.315403     8.430514     8.545625     8.660736     8.775847     8.890958     9.006068     9.121179      9.23629     9.351401     9.466512     9.581623     9.696733     9.811844     9.926955     10.04207     10.15718     10.27229      10.3874     10.50251     10.61762     10.73273     10.84784     10.96295     11.07806     11.19317     11.30828      11.4234     11.53851     11.65362     11.76873     11.88384     11.99895     12.11406     12.22917     12.34428     12.45939      12.5745     12.68961     12.80473     12.91984     13.03495     13.15006     13.26517     13.38028     13.49539      13.6105     13.72561     13.84072     13.95583     14.07094     14.18606     14.30117     14.41628     14.53139      14.6465     14.76161     14.87672     14.99183     15.10694     15.22205     15.33716     15.45227     15.56739      15.6825     15.79761     15.91272     16.02783     16.14294     16.25805     16.37316     16.48827     16.60338     16.71849      16.8336     16.94872     17.06383     17.17894     17.29405     17.40916     17.52427     17.63938     17.75449      17.8696     17.98471     18.09982     18.21493     18.33005     18.44516     18.56027     18.67538     18.79049      18.9056     19.02071     19.13582     19.25093     19.36604     19.48115     19.59626     19.71138     19.82649      19.9416     20.05671     20.17182     20.28693     20.40204     20.51715     20.63226     20.74737     20.86248     20.97759     21.09271     21.20782     21.32293     21.43804     21.55315     21.66826     21.78337     21.89848     22.01359      22.1287     22.24381     22.35892     22.47404     22.58915     22.70426     22.81937     22.93448     23.04959      23.1647     23.27981     23.39492     23.51003     23.62514     23.74025     23.85537     23.97048     24.08559      24.2007     24.31581     24.43092     24.54603     24.66114     24.77625     24.89136     25.00647     25.12158     25.23669     25.35181     25.46692     25.58203     25.69714     25.81225     25.92736     26.04247     26.15758     26.27269      26.3878     26.50291     26.61802     26.73314     26.84825     26.96336     27.07847     27.19358     27.30869      27.4238     27.53891     27.65402     27.76913     27.88424     27.99935     28.11447     28.22958     28.34469      28.4598     28.57491     28.69002     28.80513     28.92024     29.03535     29.15046     29.26557     29.38068      29.4958     29.61091     29.72602     29.84113     29.95624     30.07135     30.18646     30.30157     30.41668     30.53179      30.6469     30.76201     30.87713     30.99224     31.10735     31.22246     31.33757     31.45268     31.56779      31.6829     31.79801     31.91312     32.02823     32.14334     32.25846     32.37357     32.48868     32.60379      32.7189     32.83401     32.94912     33.06423     33.17934     33.29445     33.40956     33.52467     33.63979      33.7549     33.87001     33.98512     34.10023     34.21534     34.33045     34.44556     34.56067     34.67578     34.79089       34.906     35.02112     35.13623     35.25134     35.36645     35.48156     35.59667     35.71178     35.82689       35.942     36.05711     36.17222     36.28733     36.40245     36.51756     36.63267     36.74778     36.86289       36.978     37.09311     37.20822     37.32333     37.43844     37.55355     37.66866     37.78378     37.89889       38.014     38.12911     38.24422     38.35933     38.47444     38.58955     38.70466     38.81977     38.93488     39.04999      39.1651     39.28022     39.39533     39.51044     39.62555     39.74066     39.85577     39.97088     40.08599      40.2011     40.31621     40.43132     40.54643     40.66155     40.77666     40.89177     41.00688     41.12199      41.2371     41.35221     41.46732     41.58243     41.69754     41.81265     41.92776     42.04288     42.15799      42.2731     42.38821     42.50332     42.61843     42.73354     42.84865     42.96376     43.07887     43.19398     43.30909     43.42421     43.53932     43.65443     43.76954     43.88465     43.99976     44.11487     44.22998     44.34509      44.4602     44.57531     44.69042     44.80554     44.92065     45.03576     45.15087     45.26598     45.38109      45.4962     45.61131     45.72642     45.84153     45.95664     46.07175     46.18687     46.30198     46.41709      46.5322     46.64731     46.76242     46.87753     46.99264     47.10775     47.22286     47.33797     47.45308      47.5682     47.68331     47.79842     47.91353     48.02864     48.14375     48.25886     48.37397     48.48908     48.60419      48.7193     48.83441     48.94953     49.06464     49.17975     49.29486     49.40997     49.52508     49.64019      49.7553     49.87041     49.98552     50.10063     50.21574     50.33086     50.44597     50.56108     50.67619      50.7913     50.90641     51.02152     51.13663     51.25174     51.36685     51.48196     51.59707     51.71219      51.8273     51.94241     52.05752     52.17263     52.28774     52.40285     52.51796     52.63307     52.74818     52.86329      52.9784     53.09351     53.20863     53.32374     53.43885     53.55396     53.66907     53.78418     53.89929      54.0144     54.12951     54.24462     54.35973     54.47484     54.58996     54.70507     54.82018     54.93529      55.0504     55.16551     55.28062     55.39573     55.51084     55.62595     55.74106     55.85617     55.97129      56.0864     56.20151     56.31662     56.43173     56.54684     56.66195     56.77706     56.89217     57.00728     57.12239      57.2375     57.35262     57.46773     57.58284     57.69795     57.81306     57.92817     58.04328     58.15839      58.2735     58.38861     58.50372     58.61883     58.73395     58.84906     58.96417     59.07928     59.19439      59.3095     59.42461     59.53972     59.65483     59.76994     59.88505     60.00016     60.11528     60.23039      60.3455     60.46061     60.57572     60.69083     60.80594     60.92105     61.03616     61.15127     61.26638     61.38149     61.49661     61.61172     61.72683     61.84194     61.95705     62.07216     62.18727     62.30238     62.41749      62.5326     62.64771     62.76282     62.87794     62.99305     63.10816     63.22327     63.33838     63.45349      63.5686     63.68371     63.79882     63.91393     64.02904     64.14415     64.25927     64.37438     64.48949      64.6046     64.71971     64.83482     64.94993     65.06504     65.18015     65.29526     65.41037     65.52548      65.6406     65.75571     65.87082     65.98593     66.10104     66.21615     66.33126     66.44637     66.56148     66.67659      66.7917     66.90681     67.02192     67.13704     67.25215     67.36726     67.48237     67.59748     67.71259      67.8277     67.94281     68.05792     68.17303     68.28814     68.40325     68.51837     68.63348     68.74859      68.8637     68.97881     69.09392     69.20903     69.32414     69.43925     69.55436     69.66947     69.78458      69.8997     70.01481     70.12992     70.24503     70.36014     70.47525     70.59036     70.70547     70.82058     70.93569      71.0508     71.16591     71.28103     71.39614     71.51125     71.62636     71.74147     71.85658     71.97169      72.0868     72.20191     72.31702     72.43213     72.54724     72.66236     72.77747     72.89258     73.00769      73.1228     73.23791     73.35302     73.46813     73.58324     73.69835     73.81346     73.92857     74.04369      74.1588     74.27391     74.38902     74.50413     74.61924     74.73435     74.84946     74.96457     75.07968     75.19479      75.3099     75.42502     75.54013     75.65524     75.77035     75.88546     76.00057     76.11568     76.23079      76.3459     76.46101     76.57612     76.69123     76.80635     76.92146     77.03657     77.15168     77.26679      77.3819     77.49701     77.61212     77.72723     77.84234     77.95745     78.07256     78.18768     78.30279      78.4179     78.53301     78.64812     78.76323     78.87834     78.99345     79.10856     79.22367     79.33878     79.45389     79.56901     79.68412     79.79923     79.91434     80.02945     80.14456     80.25967     80.37478     80.48989       80.605     80.72011     80.83522     80.95033     81.06545     81.18056     81.29567     81.41078     81.52589       81.641     81.75611     81.87122     81.98633     82.10144     82.21655     82.33166     82.44678     82.56189       82.677     82.79211     82.90722     83.02233     83.13744     83.25255     83.36766     83.48277     83.59788     83.71299     83.82811     83.94322     84.05833     84.17344     84.28855     84.40366     84.51877     84.63388     84.74899      84.8641     84.97921     85.09432     85.20944     85.32455     85.43966     85.55477     85.66988     85.78499      85.9001     86.01521     86.13032     86.24543     86.36054     86.47565     86.59077     86.70588     86.82099      86.9361     87.05121     87.16632     87.28143     87.39654     87.51165     87.62676     87.74187     87.85698      87.9721     88.08721     88.20232     88.31743     88.43254     88.54765     88.66276     88.77787     88.89298     89.00809      89.1232     89.23831     89.35343     89.46854     89.58365     89.69876     89.81387     89.92898     90.04409      90.1592     90.27431     90.38942     90.50453     90.61964     90.73476     90.84987     90.96498     91.08009      91.1952     91.31031     91.42542     91.54053     91.65564     91.77075     91.88586     92.00097     92.11609      92.2312     92.34631     92.46142     92.57653     92.69164     92.80675     92.92186     93.03697     93.15208     93.26719      93.3823     93.49742     93.61253     93.72764     93.84275     93.95786     94.07297     94.18808     94.30319      94.4183     94.53341     94.64852     94.76363     94.87874     94.99386     95.10897     95.22408     95.33919      95.4543     95.56941     95.68452     95.79963     95.91474     96.02985     96.14496     96.26007     96.37519      96.4903     96.60541     96.72052     96.83563     96.95074     97.06585     97.18096     97.29607     97.41118     97.52629      97.6414     97.75652     97.87163     97.98674     98.10185     98.21696     98.33207     98.44718     98.56229      98.6774     98.79251     98.90762     99.02273     99.13785     99.25296     99.36807     99.48318     99.59829      99.7134     99.82851     99.94362     100.0587     100.1738      100.289     100.4041     100.5192     100.6343     100.7494     100.8645     100.9796     101.0947     101.2098      101.325     101.4401     101.5552     101.6703     101.7854     101.9005     102.0156     102.1307     102.2458     102.3609     102.4761     102.5912     102.7063     102.8214     102.9365     103.0516     103.1667     103.2818     103.3969     103.5121     103.6272     103.7423     103.8574     103.9725     104.0876     104.2027     104.3178     104.4329     104.5481     104.6632     104.7783     104.8934     105.0085     105.1236     105.2387     105.3538     105.4689     105.5841     105.6992     105.8143     105.9294     106.0445     106.1596     106.2747     106.3898     106.5049       106.62     106.7352     106.8503     106.9654     107.0805     107.1956     107.3107     107.4258     107.5409      107.656     107.7712     107.8863     108.0014     108.1165     108.2316     108.3467     108.4618     108.5769      108.692     108.8072     108.9223     109.0374     109.1525     109.2676     109.3827     109.4978     109.6129      109.728     109.8432     109.9583     110.0734     110.1885     110.3036     110.4187     110.5338     110.6489      110.764     110.8791     110.9943     111.1094     111.2245     111.3396     111.4547     111.5698     111.6849        111.8     111.9151     112.0303     112.1454     112.2605     112.3756     112.4907     112.6058     112.7209      112.836     112.9511     113.0663     113.1814     113.2965     113.4116     113.5267     113.6418     113.7569      113.872     113.9871     114.1023     114.2174     114.3325     114.4476     114.5627     114.6778     114.7929      114.908     115.0231     115.1383     115.2534     115.3685     115.4836     115.5987     115.7138     115.8289      115.944     116.0591     116.1742     116.2894     116.4045     116.5196     116.6347     116.7498     116.8649       116.98     117.0951     117.2102     117.3254     117.4405     117.5556     117.6707     117.7858     117.9009      118.016
     12.38191      12.27118      12.16107      12.05159      11.94272      11.83446      11.72681      11.61977      11.51333       11.4075      11.30226      11.19762      11.09357      10.99011      10.88723      10.78494      10.68323       10.5821      10.48154      10.38155      10.28214      10.18329        10.085      9.987274      9.890106      9.793492      9.697431       9.60192      9.506956      9.412535      9.318657      9.225317      9.132513      9.040243      8.948503      8.857292      8.766606      8.676443      8.586801      8.497676      8.409067       8.32097      8.233384      8.146305      8.059731       7.97366      7.888089      7.803015      7.718437      7.634351      7.550756      7.467648      7.385026      7.302887      7.221229      7.140048      7.059344      6.979113      6.899354      6.820063      6.741239      6.662879      6.584981      6.507542      6.430561      6.354035      6.277962       6.20234      6.127166      6.052438      5.978154      5.904312       5.83091      5.757945      5.685415      5.613318      5.541653      5.470416      5.399606       5.32922      5.259257      5.189715      5.120591      5.051883       4.98359      4.915709      4.848238      4.781175      4.714518      4.648265      4.582415      4.516965      4.451913      4.387257      4.322996      4.259127      4.195648      4.132558      4.069854      4.007535      3.945599      3.884044      3.822868      3.762069      3.701645      3.641595      3.581917      3.522608      3.463667      3.405093      3.346883      3.289035      3.231548      3.174421       3.11765      3.061236      3.005175      2.949466      2.894107      2.839097      2.784434      2.730116      2.676142      2.622509      2.569217      2.516263      2.463646      2.411364      2.359416        2.3078      2.256514      2.205556      2.154926      2.104621       2.05464      2.004981      1.955643      1.906625      1.857923      1.809538      1.761468       1.71371      1.666264      1.619127      1.572299      1.525778      1.479563      1.433651      1.388042      1.342734      1.297725      1.253014        1.2086      1.164481      1.120656      1.077123      1.033881     0.9909281     0.9482634     0.9058854     0.8637926     0.8219837     0.7804572     0.7392118     0.6982462      0.657559     0.6171487     0.5770142      0.537154     0.4975668     0.4582512     0.4192061       0.38043     0.3419216     0.3036797     0.2657029       0.22799     0.1905397     0.1533507     0.1164218    0.07975162      0.043339   0.007182658   -0.02871864   -0.06436613   -0.09976105    -0.1349046     -0.169798    -0.2044425    -0.2388393    -0.2729896    -0.3068946    -0.3405554    -0.3739732    -0.4071493    -0.4400848    -0.4727809    -0.5052387    -0.5374593     -0.569444    -0.6011939      -0.63271    -0.6639937    -0.6950458    -0.7258677    -0.7564604     -0.786825    -0.8169626    -0.8468744    -0.8765614    -0.9060247    -0.9352653    -0.9642845    -0.9930833     -1.021663     -1.050024     -1.078168     -1.106095     -1.133808     -1.161306     -1.188591     -1.215665     -1.242527      -1.26918     -1.295623     -1.321859     -1.347888      -1.37371     -1.399328     -1.424743     -1.449954     -1.474963     -1.499772      -1.52438      -1.54879     -1.573002     -1.597017     -1.620835     -1.644459     -1.667889     -1.691125      -1.71417     -1.737023     -1.759686      -1.78216     -1.804445     -1.826543     -1.848454      -1.87018     -1.891721     -1.913078     -1.934253     -1.955245     -1.976057     -1.996688     -2.017141     -2.037415     -2.057511     -2.077432     -2.097176     -2.116746     -2.136142     -2.155365     -2.174416     -2.193296     -2.212006     -2.230546     -2.248917     -2.267121     -2.285158     -2.303029     -2.320735     -2.338276     -2.355654      -2.37287     -2.389924     -2.406817     -2.423549     -2.440123     -2.456538     -2.472796     -2.488897     -2.504842     -2.520632     -2.536268     -2.551751     -2.567081     -2.582259     -2.597286     -2.612163      -2.62689     -2.641469     -2.655901     -2.670185     -2.684323     -2.698316     -2.712165     -2.725869     -2.739431     -2.752851     -2.766129     -2.779267     -2.792264     -2.805123     -2.817844     -2.830427     -2.842873     -2.855184     -2.867359       -2.8794     -2.891307     -2.903082     -2.914724     -2.926235     -2.937616     -2.948866     -2.959988     -2.970981     -2.981847     -2.992586     -3.003199     -3.013686     -3.024049     -3.034288     -3.044404     -3.054398      -3.06427      -3.07402     -3.083651     -3.093163     -3.102555      -3.11183     -3.120987     -3.130027     -3.138952     -3.147761     -3.156456     -3.165038     -3.173506     -3.181862     -3.190106     -3.198239     -3.206262     -3.214175     -3.221979     -3.229675     -3.237264     -3.244745     -3.252121      -3.25939     -3.266555     -3.273616     -3.280573     -3.287428      -3.29418      -3.30083      -3.30738     -3.313829     -3.320179     -3.326429     -3.332581     -3.338636     -3.344593     -3.350454     -3.356219     -3.361889     -3.367464     -3.372945     -3.378333     -3.383628      -3.38883     -3.393941     -3.398961     -3.403891     -3.408731     -3.413481     -3.418143     -3.422716     -3.427202     -3.431601     -3.435914     -3.440141     -3.444282     -3.448339     -3.452311       -3.4562     -3.460006     -3.463729      -3.46737     -3.470929     -3.474407     -3.477805     -3.481123     -3.484361      -3.48752     -3.490601     -3.493603     -3.496528     -3.499376     -3.502148     -3.504843     -3.507463     -3.510008     -3.512478     -3.514873     -3.517195     -3.519444      -3.52162     -3.523723     -3.525754     -3.527714     -3.529602      -3.53142     -3.533168     -3.534846     -3.536454     -3.537993     -3.539463     -3.540866       -3.5422     -3.543467     -3.544667       -3.5458     -3.546867     -3.547868     -3.548803     -3.549673     -3.550478     -3.551219     -3.551895     -3.552508     -3.553057     -3.553544     -3.553967     -3.554328     -3.554627     -3.554864      -3.55504     -3.555155     -3.555208     -3.555202     -3.555135     -3.555008     -3.554822     -3.554576     -3.554272     -3.553908     -3.553487     -3.553007      -3.55247     -3.551874     -3.551222     -3.550513     -3.549747     -3.548924     -3.548045     -3.547111      -3.54612     -3.545075     -3.543974     -3.542818     -3.541608     -3.540343     -3.539024     -3.537651     -3.536224     -3.534744     -3.533211     -3.531625     -3.529985     -3.528294      -3.52655     -3.524754     -3.522906     -3.521007     -3.519056     -3.517054     -3.515001     -3.512897     -3.510742     -3.508537     -3.506282     -3.503977     -3.501623     -3.499218     -3.496765     -3.494262      -3.49171     -3.489109      -3.48646     -3.483762     -3.481016     -3.478222      -3.47538     -3.472491     -3.469554      -3.46657     -3.463538      -3.46046     -3.457335     -3.454163     -3.450945     -3.447681      -3.44437     -3.441014     -3.437612     -3.434164     -3.430671     -3.427133      -3.42355     -3.419922     -3.416249     -3.412532      -3.40877     -3.404964     -3.401114      -3.39722     -3.393283     -3.389301     -3.385277     -3.381209     -3.377098     -3.372944     -3.368747     -3.364508     -3.360226     -3.355902     -3.351535     -3.347127     -3.342677     -3.338185     -3.333651     -3.329076      -3.32446     -3.319803     -3.315105     -3.310366     -3.305586     -3.300766     -3.295905     -3.291005     -3.286064     -3.281083     -3.276063     -3.271003     -3.265903     -3.260764     -3.255586     -3.250369     -3.245113     -3.239818     -3.234485     -3.229113     -3.223703     -3.218254     -3.212768     -3.207244     -3.201682     -3.196082     -3.190445     -3.184771     -3.179059      -3.17331     -3.167525     -3.161702     -3.155843     -3.149948     -3.144016     -3.138048     -3.132044     -3.126004     -3.119928     -3.113817      -3.10767     -3.101487      -3.09527     -3.089017     -3.082729     -3.076407      -3.07005     -3.063658     -3.057232     -3.050771     -3.044276     -3.037748     -3.031185     -3.024589     -3.017959     -3.011295     -3.004598     -2.997868     -2.991105     -2.984309      -2.97748     -2.970618     -2.963724     -2.956798     -2.949839     -2.942848     -2.935824     -2.928769     -2.921683     -2.914564     -2.907414     -2.900233      -2.89302     -2.885776     -2.878501     -2.871196     -2.863859     -2.856492     -2.849095     -2.841667     -2.834208      -2.82672     -2.819202     -2.811654     -2.804076     -2.796468     -2.788831     -2.781165     -2.773469     -2.765744     -2.757991     -2.750208     -2.742397     -2.734557     -2.726688     -2.718791     -2.710866     -2.702913     -2.694932     -2.686922     -2.678885     -2.670821     -2.662728     -2.654609     -2.646462     -2.638288     -2.630087     -2.621858     -2.613603     -2.605322     -2.597013     -2.588679     -2.580317      -2.57193     -2.563517     -2.555077     -2.546612      -2.53812     -2.529603     -2.521061     -2.512493       -2.5039     -2.495281     -2.486638     -2.477969     -2.469275     -2.460557     -2.451814     -2.443047     -2.434255     -2.425438     -2.416598     -2.407733     -2.398845     -2.389932     -2.380996     -2.372036     -2.363052     -2.354045     -2.345014     -2.335961     -2.326884     -2.317784     -2.308661     -2.299515     -2.290347     -2.281155     -2.271942     -2.262706     -2.253447     -2.244167     -2.234864     -2.225539     -2.216192     -2.206824     -2.197434     -2.188022     -2.178589     -2.169134     -2.159658      -2.15016     -2.140642     -2.131102     -2.121542     -2.111961     -2.102359     -2.092736     -2.083093     -2.073429     -2.063745     -2.054041     -2.044317     -2.034572     -2.024808     -2.015023     -2.005219     -1.995396     -1.985552     -1.975689     -1.965807     -1.955905     -1.945984     -1.936044     -1.926085     -1.916107      -1.90611     -1.896094      -1.88606     -1.876007     -1.865935     -1.855845     -1.845736      -1.83561     -1.825465     -1.815302     -1.805121     -1.794922     -1.784705     -1.774471     -1.764219     -1.753949     -1.743662     -1.733357     -1.723035     -1.712696     -1.702339     -1.691966     -1.681575     -1.671168     -1.660744     -1.650302     -1.639845      -1.62937     -1.618879     -1.608372     -1.597848     -1.587308     -1.576752      -1.56618     -1.555591     -1.544987     -1.534367      -1.52373     -1.513079     -1.502411     -1.491728     -1.481029     -1.470315     -1.459585     -1.448841      -1.43808     -1.427305     -1.416515      -1.40571     -1.394889     -1.384054     -1.373204      -1.36234      -1.35146     -1.340566     -1.329658     -1.318735     -1.307798     -1.296846      -1.28588     -1.274901     -1.263906     -1.252898     -1.241876      -1.23084     -1.219791     -1.208727      -1.19765     -1.186559     -1.175455     -1.164337     -1.153205     -1.142061     -1.130903     -1.119731     -1.108547      -1.09735     -1.086139     -1.074915     -1.063679      -1.05243     -1.041168     -1.029893     -1.018605     -1.007305    -0.9959925    -0.9846674    -0.9733298    -0.9619799    -0.9506176    -0.9392432    -0.9278565    -0.9164577    -0.9050469     -0.893624    -0.8821892    -0.8707425     -0.859284    -0.8478137    -0.8363317     -0.824838    -0.8133328    -0.8018159    -0.7902876    -0.7787479    -0.7671968    -0.7556343    -0.7440606    -0.7324757    -0.7208796    -0.7092725    -0.6976542     -0.686025    -0.6743849    -0.6627338     -0.651072    -0.6393993    -0.6277159    -0.6160219    -0.6043172    -0.5926019    -0.5808762    -0.5691399    -0.5573933    -0.5456363    -0.5338689    -0.5220913    -0.5103035    -0.4985056    -0.4866975    -0.4748793    -0.4630512     -0.451213     -0.439365    -0.4275071    -0.4156394    -0.4037619    -0.3918746    -0.3799777    -0.3680712    -0.3561551    -0.3442295    -0.3322943    -0.3203498    -0.3083958    -0.2964325    -0.2844599     -0.272478     -0.260487    -0.2484867    -0.2364774    -0.2244589    -0.2124315     -0.200395    -0.1883496    -0.1762953    -0.1642322    -0.1521602    -0.1400795      -0.12799    -0.1158919    -0.1037851   -0.09166979   -0.07954587   -0.06741344   -0.05527255   -0.04312322   -0.03096551   -0.01879946  -0.006625098   0.005557524    0.01774837     0.0299474    0.04215456    0.05436983    0.06659316    0.07882451    0.09106385     0.1033111     0.1155663     0.1278293     0.1401002     0.1523789     0.1646653     0.1769594     0.1892612     0.2015706     0.2138876     0.2262122     0.2385443     0.2508839     0.2632309     0.2755854     0.2879472     0.3003164     0.3126928     0.3250766     0.3374675     0.3498657      0.362271     0.3746834      0.387103     0.3995295     0.4119631     0.4244037     0.4368513     0.4493057      0.461767     0.4742352     0.4867102      0.499192     0.5116805     0.5241757     0.5366776     0.5491862     0.5617013     0.5742231     0.5867514     0.5992862     0.6118275     0.6243752     0.6369294       0.64949     0.6620569     0.6746301     0.6872097     0.6997954     0.7123875     0.7249857     0.7375901     0.7502006     0.7628173       0.77544     0.7880688     0.8007036     0.8133444     0.8259911     0.8386438     0.8513024     0.8639668     0.8766371     0.8893132     0.9019951     0.9146827     0.9273761     0.9400752     0.9527799     0.9654903     0.9782063     0.9909279      1.003655      1.016388      1.029126       1.04187      1.054619      1.067373      1.080133      1.092898      1.105669      1.118445      1.131226      1.144013      1.156805      1.169602      1.182404      1.195211      1.208024      1.220841      1.233664      1.246491      1.259324      1.272162      1.285005      1.297852      1.310705      1.323563      1.336425      1.349292      1.362164      1.375041      1.387923       1.40081      1.413701      1.426597      1.439497      1.452403      1.465313      1.478227      1.491147       1.50407      1.516999      1.529932      1.542869      1.555811      1.568757      1.581708      1.594663      1.607623      1.620587      1.633555      1.646528      1.659505      1.672486      1.685472      1.698462      1.711456      1.724454      1.737457      1.750463      1.763474      1.776489      1.789508      1.802531      1.815558      1.828589      1.841625      1.854664      1.867707      1.880754      1.893805       1.90686      1.919919      1.932982      1.946049       1.95912      1.972194      1.985272      1.998354       2.01144       2.02453      2.037623       2.05072       2.06382      2.076925      2.090033      2.103145       2.11626      2.129379      2.142501      2.155627      2.168757       2.18189      2.195027      2.208167      2.221311      2.234458      2.247608      2.260762       2.27392      2.287081      2.300245      2.313413      2.326583      2.339758      2.352935      2.366116        2.3793      2.392488      2.405678      2.418872      2.432069       2.44527      2.458473       2.47168       2.48489      2.498103      2.511319      2.524538       2.53776      2.550986      2.564214      2.577446       2.59068      2.603918      2.617158      2.630402      2.643648      2.656898       2.67015      2.683406      2.696664      2.709925      2.723189      2.736456      2.749726      2.762998      2.776273      2.789552      2.802833      2.816117      2.829403      2.842692      2.855985      2.869279      2.882577      2.895877       2.90918      2.922486      2.935794      2.949105      2.962418      2.975734      2.989053      3.002375      3.015699      3.029025      3.042354      3.055686       3.06902      3.082357      3.095696      3.109038      3.122382      3.135728      3.149078      3.162429      3.175783       3.18914      3.202498       3.21586      3.229223      3.242589      3.255958      3.269328      3.282701      3.296077      3.309454      3.322834      3.336217      3.349601      3.362988      3.376377      3.389768      3.403162      3.416558      3.429956      3.443356      3.456758      3.470163       3.48357      3.496979       3.51039      3.523803      3.537218      3.550636      3.564055      3.577477      3.590901      3.604327      3.617755      3.631185      3.644617      3.658051      3.671487      3.684925      3.698365      3.711807      3.725251      3.738697      3.752145      3.765595      3.779047      3.792501      3.805956      3.819414      3.832874      3.846335      3.859799      3.873264      3.886731        3.9002      3.913671      3.927143      3.940618      3.954094      3.967572      3.981052      3.994534      4.008018      4.021503       4.03499      4.048479       4.06197
     45.11697      44.87837       44.6404      44.40306      44.16634      43.93023      43.69474      43.45987       43.2256      42.99195      42.75889      42.52644      42.29459      42.06333      41.83266      41.60259       41.3731       41.1442      40.91588      40.68813      40.46097      40.23437      40.00835       39.7829      39.55801      39.33368      39.10992      38.88671      38.66405      38.44195       38.2204      37.99939      37.77893      37.55901      37.33963      37.12079      36.90248       36.6847      36.46745      36.25073      36.03453      35.81886       35.6037      35.38906      35.17494      34.96133      34.74823      34.53563      34.32354      34.11196      33.90087      33.69028      33.48019      33.27059      33.06149      32.85287      32.64474      32.43709      32.22993      32.02325      31.81704      31.61132      31.40606      31.20128      30.99696      30.79312      30.58974      30.38682      30.18436      29.98236      29.78082      29.57974       29.3791      29.17892      28.97919       28.7799      28.58106      28.38266      28.18471      27.98719      27.79011      27.59346      27.39725      27.20147      27.00611      26.81119      26.61669      26.42262      26.22896      26.03573      25.84292      25.65052      25.45853      25.26697      25.07581      24.88506      24.69472      24.50478      24.31525      24.12612      23.93739      23.74907      23.56114       23.3736      23.18646      22.99971      22.81336      22.62739      22.44181      22.25661      22.07181      21.88738      21.70333      21.51967      21.33638      21.15347      20.97094      20.78878      20.60699      20.42557      20.24452      20.06384      19.88353      19.70358      19.52399      19.34477      19.16591       18.9874      18.80926      18.63147      18.45404      18.27695      18.10023      17.92385      17.74782      17.57215      17.39682      17.22183      17.04719      16.87289      16.69894      16.52532      16.35205      16.17911      16.00651      15.83425      15.66232      15.49073      15.31947      15.14853      14.97793      14.80766      14.63772       14.4681      14.29881      14.12984       13.9612      13.79287      13.62487      13.45719      13.28983      13.12279      12.95606      12.78965      12.62356      12.45778      12.29231      12.12715       11.9623      11.79777      11.63354      11.46963      11.30602      11.14271      10.97971      10.81702      10.65463      10.49254      10.33075      10.16927      10.00808      9.847198      9.686611      9.526322       9.36633      9.206634      9.047233      8.888127      8.729314      8.570795      8.412567      8.254632      8.096987      7.939632      7.782566      7.625789      7.469301      7.313099      7.157184      7.001555      6.846212      6.691153      6.536378      6.381886      6.227678      6.073752      5.920107      5.766743       5.61366      5.460857      5.308333      5.156089      5.004122      4.852433      4.701022      4.549887      4.399029      4.248447       4.09814      3.948107       3.79835      3.648866      3.499656      3.350719      3.202055      3.053664      2.905544      2.757696      2.610119      2.462813      2.315778      2.169013      2.022517      1.876292      1.730335      1.584648      1.439229      1.294078      1.149196      1.004581     0.8602344     0.7161549     0.5723425     0.4287971     0.2855183     0.1425061 -0.0002397147    -0.1427194    -0.2849331     -0.426881    -0.5685632    -0.7099798     -0.851131    -0.9920169     -1.132638     -1.272993     -1.413084     -1.552909      -1.69247     -1.831766     -1.970797     -2.109564     -2.248065     -2.386302     -2.524275     -2.661982     -2.799425     -2.936603     -3.073517     -3.210165     -3.346549     -3.482667     -3.618521      -3.75411     -3.889433     -4.024491     -4.159284     -4.293811     -4.428072     -4.562068     -4.695797      -4.82926     -4.962457     -5.095388     -5.228051     -5.360448     -5.492578      -5.62444     -5.756034     -5.887361     -6.018419     -6.149209      -6.27973     -6.409982     -6.539965     -6.669678     -6.799121     -6.928293     -7.057195     -7.185826     -7.314186     -7.442274     -7.570089     -7.697632     -7.824902     -7.951899     -8.078621      -8.20507     -8.331243     -8.457141     -8.582764      -8.70811      -8.83318     -8.957972     -9.082486     -9.206722      -9.33068     -9.454357     -9.577755     -9.700872     -9.823708     -9.946263     -10.06853     -10.19052     -10.31223     -10.43365     -10.55478     -10.67563      -10.7962     -10.91647     -11.03646     -11.15616     -11.27557     -11.39469     -11.51352     -11.63206     -11.75031     -11.86826     -11.98592     -12.10328     -12.22035     -12.33712      -12.4536     -12.56977     -12.68565     -12.80123      -12.9165     -13.03148     -13.14615     -13.26052     -13.37458     -13.48833     -13.60178     -13.71493     -13.82776     -13.94028     -14.05249     -14.16439     -14.27598     -14.38725     -14.49821     -14.60885     -14.71917     -14.82918     -14.93886     -15.04823     -15.15727     -15.26598     -15.37438     -15.48244     -15.59018     -15.69759     -15.80467     -15.91142     -16.01784     -16.12392     -16.22967     -16.33508     -16.44015     -16.54488     -16.64927     -16.75332     -16.85703     -16.96039      -17.0634     -17.16606     -17.26838     -17.37034     -17.47195     -17.57321     -17.67411     -17.77465     -17.87483     -17.97465     -18.07411     -18.17321     -18.27193     -18.37029     -18.46829      -18.5659     -18.66315     -18.76002     -18.85651     -18.95263     -19.04836     -19.14372     -19.23869     -19.33327     -19.42746     -19.52127     -19.61468      -19.7077     -19.80032     -19.89254     -19.98436     -20.07579      -20.1668     -20.25742     -20.34762     -20.43741     -20.52679     -20.61575      -20.7043     -20.79243     -20.88014     -20.96742     -21.05427      -21.1407      -21.2267     -21.31226     -21.39739     -21.48208     -21.56633     -21.65014     -21.73351     -21.81642     -21.89889      -21.9809     -22.06246     -22.14356      -22.2242     -22.30438     -22.38409     -22.46334     -22.54212     -22.62042     -22.69825     -22.77559     -22.85246     -22.92884     -23.00474     -23.08015     -23.15507     -23.22949     -23.30341     -23.37683     -23.44975     -23.52217     -23.59407     -23.66546     -23.73634      -23.8067     -23.87654     -23.94586     -24.01465     -24.08291     -24.15064     -24.21783     -24.28448     -24.35059     -24.41616     -24.48118     -24.54565     -24.60956     -24.67292     -24.73571     -24.79795     -24.85961     -24.92071     -24.98123     -25.04118     -25.10055     -25.15933     -25.21753     -25.27514     -25.33216     -25.38858     -25.44441     -25.49963     -25.55424     -25.60825     -25.66164     -25.71442     -25.76658     -25.81812     -25.86903     -25.91931     -25.96896     -26.01798     -26.06635     -26.11409     -26.16117     -26.20761      -26.2534     -26.29853       -26.343      -26.3868     -26.42994     -26.47241     -26.51421     -26.55533     -26.59577     -26.63553      -26.6746     -26.71298     -26.75067     -26.78766     -26.82395     -26.85954     -26.89441     -26.92858     -26.96203     -26.99477     -27.02679     -27.05808     -27.08864     -27.11847     -27.14757     -27.17593     -27.20355     -27.23042     -27.25655     -27.28192     -27.30654     -27.33041     -27.35351     -27.37585     -27.39742     -27.41822     -27.43824     -27.45749     -27.47596     -27.49365     -27.51055     -27.52666     -27.54197      -27.5565     -27.57022     -27.58314     -27.59525     -27.60656     -27.61705     -27.62674      -27.6356     -27.64365     -27.65087     -27.65727     -27.66284     -27.66757     -27.67148     -27.67455     -27.67677     -27.67816      -27.6787      -27.6784     -27.67724     -27.67523     -27.67237     -27.66865     -27.66407     -27.65863     -27.65233     -27.64515     -27.63711      -27.6282     -27.61841     -27.60775     -27.59621     -27.58379     -27.57049     -27.55631     -27.54124     -27.52528     -27.50844      -27.4907     -27.47207     -27.45254     -27.43212      -27.4108     -27.38859     -27.36547     -27.34145     -27.31652     -27.29069     -27.26396     -27.23631     -27.20776      -27.1783     -27.14793     -27.11665     -27.08445     -27.05134     -27.01732     -26.98238     -26.94652     -26.90975     -26.87207     -26.83346     -26.79394      -26.7535     -26.71214     -26.66986     -26.62667     -26.58255     -26.53752     -26.49156     -26.44469      -26.3969     -26.34819     -26.29856     -26.24802     -26.19655     -26.14417     -26.09088     -26.03666     -25.98154      -25.9255     -25.86854     -25.81068      -25.7519     -25.69221     -25.63161     -25.57011     -25.50769     -25.44438     -25.38016     -25.31503     -25.24901     -25.18209     -25.11427     -25.04555     -24.97594     -24.90544     -24.83405     -24.76178     -24.68862     -24.61457     -24.53965     -24.46384     -24.38716     -24.30961     -24.23119      -24.1519     -24.07175     -23.99073     -23.90885     -23.82612     -23.74254     -23.65811     -23.57283      -23.4867     -23.39974     -23.31194     -23.22331     -23.13385     -23.04357     -22.95246     -22.86054      -22.7678     -22.67425      -22.5799     -22.48475     -22.38879     -22.29205     -22.19452      -22.0962      -21.9971     -21.89723     -21.79659     -21.69518     -21.59301     -21.49009     -21.38641     -21.28199     -21.17683     -21.07093     -20.96429     -20.85694     -20.74886     -20.64007     -20.53057     -20.42036     -20.30945     -20.19786     -20.08557      -19.9726     -19.85896     -19.74465     -19.62967     -19.51403     -19.39774     -19.28081     -19.16323     -19.04502     -18.92619     -18.80673     -18.68665     -18.56597     -18.44468      -18.3228     -18.20033     -18.07727     -17.95364     -17.82944     -17.70468     -17.57936     -17.45348     -17.32707     -17.20012     -17.07264     -16.94464     -16.81612     -16.68709     -16.55756     -16.42754     -16.29703     -16.16604     -16.03458     -15.90265     -15.77026     -15.63742     -15.50413     -15.37041     -15.23626     -15.10168     -14.96669     -14.83129     -14.69549      -14.5593     -14.42272     -14.28577     -14.14844     -14.01075      -13.8727     -13.73431     -13.59557      -13.4565     -13.31711     -13.17739     -13.03737     -12.89704     -12.75641      -12.6155     -12.47431     -12.33284     -12.19111     -12.04912     -11.90688     -11.76439     -11.62168     -11.47873     -11.33556     -11.19218      -11.0486     -10.90482     -10.76084     -10.61669     -10.47236     -10.32786      -10.1832     -10.03839     -9.893438     -9.748346     -9.603123     -9.457778     -9.312318     -9.166749     -9.021081     -8.875319     -8.729471     -8.583545     -8.437548     -8.291487      -8.14537     -7.999203     -7.852994      -7.70675     -7.560479     -7.414187     -7.267882      -7.12157     -6.975259     -6.828956     -6.682668     -6.536402     -6.390164     -6.243962     -6.097803     -5.951693      -5.80564     -5.659649     -5.513729     -5.367885     -5.222124     -5.076453     -4.930879     -4.785408     -4.640047     -4.494802      -4.34968     -4.204687      -4.05983     -3.915114     -3.770547     -3.626135     -3.481883     -3.337798     -3.193887     -3.050155     -2.906609     -2.763254     -2.620096     -2.477142     -2.334397     -2.191868     -2.049559     -1.907478     -1.765629     -1.624019     -1.482652     -1.341536     -1.200674     -1.060073    -0.9197384    -0.7796753    -0.6398892    -0.5003855    -0.3611695    -0.2222463   -0.08362129    0.05470047     0.1927138     0.3304138     0.4677952     0.6048533      0.741583     0.8779794      1.014038      1.149753      1.285121      1.420137      1.554796      1.689093      1.823024      1.956585      2.089771      2.222577      2.354999      2.487034      2.618676      2.749922      2.880767      3.011207      3.141238      3.270857      3.400059      3.528839      3.657196      3.785123      3.912619      4.039678      4.166298      4.292474      4.418204      4.543483      4.668308      4.792676      4.916582      5.040025         5.163      5.285505      5.407535      5.529088      5.650161      5.770751      5.890854      6.010467      6.129589      6.248215      6.366343       6.48397      6.601093       6.71771      6.833817      6.949413      7.064495       7.17906      7.293105      7.406628      7.519628        7.6321      7.744043      7.855456      7.966334      8.076677      8.186482      8.295747      8.404469      8.512648       8.62028      8.727364      8.833898       8.93988      9.045308      9.150181      9.254496      9.358252      9.461448       9.56408      9.666149      9.767652      9.868588      9.968955      10.06875      10.16798      10.26663      10.36471      10.46221      10.55914      10.65548      10.75125      10.84644      10.94105      11.03507      11.12851      11.22136      11.31363      11.40531      11.49641      11.58691      11.67683      11.76615      11.85489      11.94303      12.03058      12.11753      12.20389      12.28966      12.37483      12.45941      12.54338      12.62677      12.70955      12.79174      12.87332      12.95431       13.0347      13.11449      13.19368      13.27227      13.35026      13.42764      13.50443      13.58061       13.6562      13.73118      13.80556      13.87934      13.95251      14.02509      14.09706      14.16843       14.2392      14.30937      14.37893       14.4479      14.51626      14.58402      14.65118      14.71774      14.78369      14.84905       14.9138      14.97796      15.04152      15.10447      15.16683      15.22859      15.28975      15.35031      15.41028      15.46964      15.52841      15.58659      15.64417      15.70115      15.75754      15.81333      15.86853      15.92314      15.97716      16.03058      16.08341      16.13565      16.18731      16.23837      16.28884      16.33873      16.38803      16.43674      16.48487      16.53241      16.57937      16.62575      16.67154      16.71675      16.76138      16.80543      16.84891       16.8918      16.93412      16.97586      17.01702      17.05762      17.09763      17.13708      17.17595      17.21426      17.25199      17.28915      17.32575      17.36178      17.39725      17.43215      17.46649      17.50026      17.53348      17.56613      17.59823      17.62976      17.66075      17.69117      17.72104      17.75036      17.77912      17.80734        17.835      17.86212      17.88869      17.91471      17.94019      17.96512      17.98951      18.01336      18.03667      18.05944      18.08167      18.10337      18.12453      18.14515      18.16525      18.18481      18.20384      18.22235      18.24033      18.25778       18.2747       18.2911      18.30699      18.32234      18.33718      18.35151      18.36531       18.3786      18.39138      18.40364      18.41539      18.42663      18.43736      18.44759      18.45731      18.46652      18.47524      18.48345      18.49116      18.49837      18.50508       18.5113      18.51702      18.52225      18.52698      18.53123      18.53499      18.53826      18.54104      18.54334      18.54515      18.54649      18.54734      18.54771      18.54761      18.54703      18.54597      18.54444      18.54244      18.53997      18.53703      18.53362      18.52975      18.52541      18.52061      18.51534      18.50962      18.50343      18.49679       18.4897      18.48214      18.47414      18.46568      18.45678      18.44742      18.43762      18.42737      18.41668      18.40554      18.39396      18.38195      18.36949       18.3566      18.34327      18.32951      18.31531      18.30069      18.28563      18.27014      18.25423      18.23789      18.22113      18.20395      18.18634      18.16832      18.14988      18.13102      18.11174      18.09205      18.07195      18.05144      18.03051      18.00918      17.98745       17.9653      17.94276      17.91981      17.89646      17.87271      17.84856      17.82402      17.79908      17.77374      17.74802       17.7219       17.6954       17.6685      17.64122      17.61355       17.5855      17.55707      17.52825      17.49906      17.46949      17.43954      17.40921      17.37851      17.34744        17.316      17.28418        17.252      17.21945      17.18654      17.15326      17.11962      17.08561      17.05125      17.01652      16.98144        16.946      16.91021      16.87407      16.83757      16.80072      16.76352      16.72597      16.68808      16.64984      16.61126      16.57233      16.53306      16.49345      16.45351      16.41322       16.3726
