$\vec{x}_{0}(t,u)$  &
25 &
13.74159 &
7.6051 &
4.302712 &
2.465823 &
1.384659 &
0.7664368 &
0.4224243 &
0.2326271 &
0.1281732 &
0.07073718 &
$\vec{x}_{0}(t,u)$  &
25 &
13.94085 &
8.369862 &
6.824716 &
10.09505 &
21.86508 &
45.81819 &
76.63082 &
103.7397 &
122.66 &
134.3886 &
	  &
150 &
3.2 &
2 &
$\vec{x}_{-11111}(t,u)$  &
11.71843 &
10.20032 &
8.68221 &
7.164103 &
5.645995 &
4.127887 &
2.609779 &
1.091672 &
-0.4264359 &
-1.944544 &
-3.462651 &
$\vec{x}_{-11111}(t,u)$  &
-21.01663 &
-7.060511 &
6.895613 &
20.85174 &
34.80786 &
48.76398 &
62.72011 &
76.67623 &
90.63235 &
104.5885 &
118.5446 &
	  &
150 &
3.2 &
2 &
        25   24.87543   24.75148   24.62815   24.50544   24.38334   24.26185   24.14097   24.02069   23.90102   23.78194   23.66345   23.54556   23.42826   23.31155   23.19541   23.07986   22.96489   22.85049   22.73666   22.62341   22.51071   22.39859   22.28702   22.17601   22.06555   21.95565    21.8463   21.73749   21.62923   21.52151   21.41433   21.30769   21.20158     21.096   20.99094   20.88642   20.78241   20.67893   20.57596   20.47351   20.37157   20.27015   20.16923   20.06881    19.9689   19.86949   19.77057   19.67215   19.57423   19.47679   19.37984   19.28338    19.1874    19.0919   18.99688   18.90233   18.80826   18.71466   18.62153   18.52886   18.43666   18.34492   18.25364   18.16282   18.07245   17.98254   17.89308   17.80406   17.71549   17.62737   17.53968   17.45244   17.36563   17.27926   17.19333   17.10782   17.02274   16.93809   16.85386   16.77006   16.68668   16.60371   16.52116   16.43903    16.3573   16.27599   16.19509   16.11459    16.0345   15.95481   15.87551   15.79662   15.71812   15.64002   15.56231   15.48499   15.40806   15.33152   15.25536   15.17958   15.10418   15.02916   14.95452   14.88026   14.80637   14.73285    14.6597   14.58692    14.5145   14.44245   14.37076   14.29943   14.22847   14.15785    14.0876    14.0177   13.94815   13.87895    13.8101   13.74159   13.67343   13.60562   13.53814   13.47101   13.40421   13.33776   13.27163   13.20584   13.14039   13.07526   13.01046   12.94599   12.88184   12.81802   12.75452   12.69134   12.62848   12.56594   12.50371    12.4418    12.3802   12.31892   12.25794   12.19727   12.13691   12.07685    12.0171   11.95765    11.8985   11.83965    11.7811   11.72284   11.66488   11.60722   11.54984   11.49276   11.43596   11.37946   11.32324   11.26731   11.21166   11.15629    11.1012    11.0464   10.99187   10.93762   10.88364   10.82994   10.77651   10.72335   10.67047   10.61785    10.5655   10.51342    10.4616   10.41005   10.35875   10.30772   10.25695   10.20644   10.15619   10.10619   10.05645   10.00696   9.957725    9.90874   9.860006    9.81152   9.763282   9.715291   9.667545   9.620043   9.572784   9.525767    9.47899   9.432453   9.386154   9.340092   9.294266   9.248675   9.203318   9.158193     9.1133   9.068637   9.024203   8.979998   8.936019   8.892266   8.848738   8.805434   8.762352   8.719492   8.676852   8.634431   8.592229   8.550244   8.508475   8.466922   8.425582   8.384456   8.343541   8.302838   8.262344    8.22206   8.181983   8.142113   8.102449    8.06299   8.023735   7.984682   7.945832   7.907182   7.868733   7.830482   7.792429   7.754573   7.716913   7.679448   7.642177     7.6051   7.568214    7.53152   7.495016   7.458701   7.422575   7.386636   7.350883   7.315317   7.279934   7.244736    7.20972   7.174887   7.140234   7.105761   7.071468   7.037353   7.003415   6.969654   6.936068   6.902657    6.86942   6.836356   6.803464   6.770743   6.738192   6.705811   6.673598   6.641553   6.609675   6.577963   6.546416   6.515034   6.483815   6.452758   6.421863   6.391129   6.360555    6.33014   6.299884   6.269785   6.239843   6.210057   6.180425   6.150948   6.121625   6.092454   6.063435   6.034567   6.005849    5.97728    5.94886   5.920587   5.892462   5.864482   5.836648   5.808959   5.781413    5.75401   5.726749    5.69963   5.672651   5.645813   5.619113   5.592551   5.566127   5.539839   5.513688   5.487671   5.461789   5.436041   5.410425   5.384942    5.35959   5.334368   5.309276   5.284314   5.259479   5.234772   5.210192   5.185738    5.16141   5.137206   5.113126   5.089169   5.065334   5.041621   5.018029   4.994557   4.971205   4.947971   4.924855   4.901857   4.878975    4.85621   4.833559   4.811023   4.788601   4.766291   4.744094   4.722009   4.700035   4.678171   4.656417   4.634771   4.613234   4.591805   4.570482   4.549266   4.528155   4.507149   4.486247   4.465448   4.444753    4.42416   4.403668   4.383278   4.362987   4.342797   4.322705   4.302712   4.282816   4.263018   4.243316   4.223709   4.204199   4.184782    4.16546   4.146231   4.127095   4.108052     4.0891   4.070238   4.051468   4.032787   4.014195   3.995693   3.977278   3.958951   3.940711   3.922557   3.904489   3.886507   3.868609   3.850795   3.833065   3.815419   3.797855   3.780373   3.762972   3.745653   3.728414   3.711255   3.694176   3.677176   3.660254    3.64341   3.626644   3.609955   3.593342   3.576806   3.560345   3.543959   3.527648   3.511411   3.495248   3.479158   3.463142   3.447197   3.431325   3.415524   3.399794   3.384135   3.368547   3.353028   3.337579   3.322198   3.306887   3.291643   3.276468    3.26136   3.246319   3.231345   3.216437   3.201595   3.186819   3.172107   3.157461   3.142879   3.128362   3.113908   3.099517    3.08519   3.070926   3.056723   3.042583   3.028505   3.014488   3.000532   2.986638   2.972803   2.959029   2.945315    2.93166   2.918064   2.904528    2.89105    2.87763   2.864269   2.850965   2.837719   2.824531   2.811399   2.798324   2.785305   2.772343   2.759437   2.746586    2.73379    2.72105   2.708365   2.695734   2.683158   2.670636   2.658168   2.645753   2.633392   2.621084   2.608829   2.596627   2.584478   2.572381   2.560336   2.548342   2.536401    2.52451   2.512671   2.500883   2.489146    2.47746   2.465823   2.454237   2.442701   2.431215   2.419778   2.408391   2.397053   2.385763   2.374523   2.363331   2.352188   2.341093   2.330045   2.319046   2.308095    2.29719   2.286334   2.275524   2.264761   2.254045   2.243376   2.232753   2.222176   2.211645    2.20116   2.190721   2.180328    2.16998   2.159677   2.149419   2.139206   2.129037   2.118914   2.108834   2.098799   2.088808   2.078861   2.068957   2.059098   2.049281   2.039508   2.029778   2.020091   2.010446   2.000845   1.991285   1.981768   1.972294   1.962861    1.95347   1.944121   1.934813   1.925547   1.916322   1.907138   1.897995   1.888893   1.879832   1.870811    1.86183    1.85289    1.84399   1.835129   1.826309   1.817528   1.808786   1.800084   1.791421   1.782797   1.774212   1.765665   1.757158   1.748689   1.740258   1.731865    1.72351   1.715193   1.706914   1.698673   1.690469   1.682302   1.674173    1.66608   1.658025   1.650006   1.642024   1.634078   1.626169   1.618296   1.610459   1.602658   1.594892   1.587163   1.579469    1.57181   1.564186   1.556598   1.549045   1.541526   1.534042   1.526593   1.519178   1.511797   1.504451   1.497139    1.48986   1.482615   1.475404   1.468227   1.461082   1.453971   1.446893   1.439848   1.432836   1.425857    1.41891   1.411995   1.405113   1.398263   1.391445   1.384659   1.377905   1.371182   1.364491   1.357832   1.351203   1.344606    1.33804   1.331504      1.325   1.318525   1.312082   1.305669   1.299286   1.292933    1.28661   1.280317   1.274054   1.267821   1.261616   1.255442   1.249296    1.24318   1.237093   1.231034   1.225004   1.219003   1.213031   1.207086   1.201171   1.195283   1.189423   1.183591   1.177787   1.172011   1.166262    1.16054   1.154846   1.149179   1.143539   1.137926    1.13234   1.126781   1.121248   1.115742   1.110262   1.104808    1.09938   1.093979   1.088603   1.083253   1.077929    1.07263   1.067357   1.062109   1.056887   1.051689   1.046517   1.041369   1.036246   1.031148   1.026075   1.021026   1.016001      1.011   1.006024   1.001071  0.9961428  0.9912381   0.986357  0.9814996  0.9766656   0.971855  0.9670676  0.9623034  0.9575623  0.9528441  0.9481487  0.9434761  0.9388261  0.9341987  0.9295936   0.925011  0.9204505  0.9159121  0.9113958  0.9069014  0.9024288  0.8979779  0.8935487   0.889141  0.8847547  0.8803897  0.8760459  0.8717233  0.8674216   0.863141  0.8588811   0.854642  0.8504235  0.8462256  0.8420481   0.837891  0.8337541  0.8296374  0.8255407  0.8214641  0.8174073  0.8133703   0.809353  0.8053553  0.8013772  0.7974184   0.793479  0.7895588  0.7856578  0.7817758  0.7779128  0.7740687  0.7702434  0.7664368  0.7626488  0.7588793  0.7551283  0.7513956  0.7476812  0.7439849  0.7403068  0.7366467  0.7330044  0.7293801  0.7257735  0.7221845  0.7186132  0.7150593  0.7115229  0.7080038  0.7045019  0.7010173  0.6975497  0.6940991  0.6906655  0.6872487  0.6838487  0.6804653  0.6770986  0.6737484  0.6704146  0.6670973  0.6637962  0.6605113  0.6572425  0.6539899  0.6507532  0.6475324  0.6443274  0.6411382  0.6379647  0.6348068  0.6316644  0.6285374  0.6254259  0.6223296  0.6192486  0.6161827  0.6131319  0.6100962  0.6070754  0.6040694  0.6010782  0.5981018    0.59514  0.5921928  0.5892602  0.5863419  0.5834381  0.5805485  0.5776732   0.574812   0.571965   0.569132  0.5663129  0.5635077  0.5607164  0.5579388  0.5551749  0.5524247   0.549688  0.5469648   0.544255  0.5415586  0.5388755  0.5362056  0.5335489  0.5309053  0.5282748  0.5256572  0.5230526  0.5204608  0.5178818  0.5153155  0.5127619  0.5102209  0.5076925  0.5051765   0.502673  0.5001818   0.497703  0.4952363  0.4927819  0.4903396  0.4879093  0.4854911  0.4830848  0.4806904  0.4783078   0.475937  0.4735779  0.4712304  0.4688946  0.4665703  0.4642575  0.4619562  0.4596662  0.4573875  0.4551201  0.4528639  0.4506189   0.448385  0.4461621  0.4439502  0.4417493  0.4395592    0.43738  0.4352116  0.4330538  0.4309068  0.4287704  0.4266445  0.4245292  0.4224243  0.4203299  0.4182458   0.416172  0.4141085  0.4120552  0.4100121  0.4079791  0.4059561  0.4039432  0.4019402  0.3999471  0.3979639  0.3959906   0.394027  0.3920731  0.3901289  0.3881943  0.3862693  0.3843538  0.3824479  0.3805513  0.3786642  0.3767864  0.3749179  0.3730587  0.3712086  0.3693678   0.367536  0.3657134  0.3638997  0.3620951  0.3602994  0.3585126  0.3567346  0.3549655  0.3532051  0.3514534  0.3497105  0.3479761  0.3462504  0.3445332  0.3428245  0.3411243  0.3394325  0.3377492  0.3360741  0.3344074  0.3327489  0.3310986  0.3294566  0.3278226  0.3261968   0.324579  0.3229693  0.3213675  0.3197737  0.3181878  0.3166097  0.3150395   0.313477  0.3119223  0.3103753   0.308836  0.3073044  0.3057803  0.3042638  0.3027548  0.3012532  0.2997592  0.2982725  0.2967932  0.2953213  0.2938567  0.2923993  0.2909492  0.2895062  0.2880704  0.2866418  0.2852202  0.2838057  0.2823982  0.2809976  0.2796041  0.2782174  0.2768376  0.2754647  0.2740986  0.2727393  0.2713867  0.2700408  0.2687016  0.2673691  0.2660431  0.2647238   0.263411  0.2621047  0.2608049  0.2595115  0.2582246   0.256944  0.2556699   0.254402  0.2531404  0.2518851   0.250636  0.2493932  0.2481565  0.2469259  0.2457015  0.2444831  0.2432708  0.2420644  0.2408641  0.2396698  0.2384813  0.2372988  0.2361222  0.2349513  0.2337864  0.2326271  0.2314737   0.230326  0.2291839  0.2280476  0.2269169  0.2257918  0.2246722  0.2235583  0.2224499   0.221347  0.2202495  0.2191575   0.218071  0.2169898   0.215914  0.2148436  0.2137784  0.2127186   0.211664  0.2106146  0.2095705  0.2085316  0.2074978  0.2064691  0.2054456  0.2044271  0.2034138  0.2024054   0.201402  0.2004037  0.1994103  0.1984218  0.1974382  0.1964596  0.1954858  0.1945168  0.1935526  0.1925932  0.1916386  0.1906888  0.1897436  0.1888032  0.1878674  0.1869363  0.1860098  0.1850879  0.1841706  0.1832579  0.1823496  0.1814459  0.1805467   0.179652  0.1787617  0.1778758  0.1769943  0.1761172  0.1752445  0.1743761   0.173512  0.1726522  0.1717967  0.1709454  0.1700984  0.1692556   0.168417  0.1675825  0.1667522   0.165926  0.1651039  0.1642859   0.163472  0.1626621  0.1618562  0.1610543  0.1602565  0.1594626  0.1586726  0.1578866  0.1571044  0.1563262  0.1555518  0.1547813  0.1540146  0.1532517  0.1524926  0.1517373  0.1509857  0.1502379  0.1494938  0.1487534  0.1480167  0.1472836  0.1465542  0.1458284  0.1451062  0.1443876  0.1436725  0.1429611  0.1422531  0.1415487  0.1408478  0.1401504  0.1394564  0.1387659  0.1380788  0.1373952  0.1367149   0.136038  0.1353645  0.1346943  0.1340275   0.133364  0.1327037  0.1320468  0.1313931  0.1307427  0.1300955  0.1294515  0.1288108  0.1281732  0.1275388  0.1269075  0.1262794  0.1256544  0.1250325  0.1244137   0.123798  0.1231853  0.1225757  0.1219691  0.1213655   0.120765  0.1201674  0.1195728  0.1189811  0.1183924  0.1178066  0.1172238  0.1166438  0.1160667  0.1154925  0.1149211  0.1143526  0.1137869   0.113224   0.112664  0.1121067  0.1115521  0.1110004  0.1104513   0.109905  0.1093615  0.1088206  0.1082824  0.1077469  0.1072141  0.1066839  0.1061563  0.1056314  0.1051091  0.1045893  0.1040722  0.1035576  0.1030456  0.1025361  0.1020292  0.1015248  0.1010229  0.1005235  0.1000266 0.09953213 0.09904014  0.0985506 0.09806349  0.0975788 0.09709653 0.09661665 0.09613916 0.09566405 0.09519129 0.09472089 0.09425283  0.0937871 0.09332368 0.09286257 0.09240376 0.09194722 0.09149295 0.09104095 0.09059119 0.09014367 0.08969838  0.0892553 0.08881442 0.08837574 0.08793924 0.08750491 0.08707274 0.08664272 0.08621484 0.08578908 0.08536545 0.08494392 0.08452449 0.08410715 0.08369188 0.08327867 0.08286753 0.08245842 0.08205136 0.08164631 0.08124329 0.08084226 0.08044323 0.08004619 0.07965112 0.07925802 0.07886687 0.07847767  0.0780904 0.07770506 0.07732164 0.07694013 0.07656051 0.07618278 0.07580693 0.07543295 0.07506083 0.07469056 0.07432213 0.07395554 0.07359077 0.07322781 0.07286666 0.07250731 0.07214974 0.07179396 0.07143994 0.07108768 0.07073718
        25   24.87651   24.75365   24.63142   24.50981   24.38881   24.26844   24.14867   24.02952   23.91097   23.79303   23.67569   23.55895    23.4428   23.32724   23.21228    23.0979   22.98411    22.8709   22.75827   22.64621   22.53473   22.42382   22.31348    22.2037   22.09448   21.98583   21.87773   21.77018   21.66319   21.55675   21.45086   21.34551    21.2407   21.13643   21.03269    20.9295   20.82683   20.72469   20.62308   20.52199   20.42143   20.32139   20.22186   20.12284   20.02434   19.92635   19.82887   19.73189   19.63542   19.53944   19.44396   19.34898    19.2545    19.1605   19.06699   18.97398   18.88144   18.78939   18.69782   18.60672   18.51611   18.42596   18.33629   18.24709   18.15835   18.07008   17.98227   17.89493   17.80804   17.72161   17.63564   17.55011   17.46504   17.38042   17.29624   17.21251   17.12923   17.04638   16.96397     16.882   16.80047   16.71936   16.63869   16.55845   16.47864   16.39925   16.32029   16.24174   16.16362   16.08592   16.00863   15.93176    15.8553   15.77925   15.70362   15.62838   15.55356   15.47914   15.40512   15.33151   15.25829   15.18547   15.11305   15.04102   14.96938   14.89813   14.82728   14.75681   14.68672   14.61703   14.54771   14.47878   14.41022   14.34205   14.27425   14.20682   14.13977    14.0731   14.00679   13.94085   13.87528   13.81008   13.74524   13.68077   13.61665    13.5529   13.48951   13.42647   13.36379   13.30147    13.2395   13.17789   13.11662    13.0557   12.99514   12.93492   12.87504   12.81551   12.75633   12.69748   12.63898   12.58082   12.52299    12.4655   12.40835   12.35153   12.29505    12.2389   12.18308   12.12759   12.07243   12.01759   11.96309    11.9089   11.85505   11.80151    11.7483   11.69541   11.64284   11.59059   11.53866   11.48705   11.43575   11.38476   11.33409   11.28373   11.23369   11.18395   11.13453   11.08541   11.03661   10.98811   10.93991   10.89203   10.84444   10.79716   10.75018   10.70351   10.65714   10.61106   10.56529   10.51981   10.47463   10.42975   10.38517   10.34088   10.29688   10.25318   10.20977   10.16665   10.12383   10.08129   10.03905   9.997096    9.95543   9.914052   9.872961   9.832157   9.791639   9.751406   9.711458   9.671794   9.632414   9.593316     9.5545   9.515967   9.477714   9.439742   9.402049   9.364636   9.327502   9.290647   9.254069   9.217768   9.181744   9.145997   9.110525   9.075329   9.040408   9.005761   8.971388   8.937289   8.903463    8.86991   8.836629    8.80362   8.770883   8.738417   8.706222   8.674297   8.642643   8.611258   8.580143   8.549298   8.518721   8.488413   8.458373   8.428602   8.399098   8.369862   8.340893   8.312192   8.283757   8.255589   8.227688   8.200053   8.172684   8.145581   8.118744   8.092173   8.065867   8.039827   8.014052   7.988542   7.963297   7.938317   7.913602   7.889152   7.864967   7.841047   7.817391   7.794001   7.770874   7.748013   7.725416   7.703084   7.681017   7.659214   7.637677   7.616404   7.595396   7.574653   7.554175   7.533963   7.514015   7.494334   7.474917   7.455767   7.436882   7.418264   7.399911   7.381825   7.364005   7.346453   7.329167   7.312148   7.295397   7.278913   7.262698    7.24675   7.231071   7.215661    7.20052   7.185648   7.171045   7.156713   7.142651    7.12886    7.11534   7.102091   7.089114    7.07641   7.063978   7.051818   7.039933   7.028321   7.016984   7.005921   6.995133   6.984622   6.974386   6.964428   6.954746   6.945343   6.936217   6.927371   6.918804   6.910517   6.902511   6.894785   6.887342   6.880181   6.873303   6.866709   6.860399   6.854374   6.848635   6.843182   6.838017   6.833139    6.82855    6.82425    6.82024   6.816521   6.813093   6.809958   6.807116   6.804568   6.802315   6.800358   6.798697   6.797333   6.796268   6.795502   6.795036   6.794871   6.795008   6.795448   6.796192    6.79724   6.798595   6.800256   6.802225   6.804503   6.807091   6.809989     6.8132   6.816724   6.820563   6.824716   6.829186   6.833974   6.839081   6.844507   6.850255   6.856325   6.862719   6.869438   6.876482   6.883854   6.891555   6.899586   6.907948   6.916643   6.925671   6.935035   6.944736   6.954774   6.965153   6.975872   6.986933   6.998339    7.01009   7.022187   7.034633   7.047429   7.060577   7.074077   7.087932   7.102143   7.116712    7.13164    7.14693   7.162582   7.178599   7.194982   7.211733   7.228853   7.246345    7.26421    7.28245   7.301067   7.320062   7.339438   7.359197   7.379339   7.399868   7.420785   7.442092   7.463791   7.485884   7.508373    7.53126   7.554547   7.578236   7.602329   7.626829   7.651737   7.677056   7.702787   7.728934   7.755497    7.78248   7.809885   7.837713   7.865967    7.89465   7.923764    7.95331   7.983292   8.013712   8.044572   8.075874   8.107622   8.139817   8.172462   8.205559   8.239111   8.273121    8.30759   8.342522    8.37792   8.413785    8.45012   8.486929   8.524213   8.561975   8.600219   8.638946    8.67816   8.717863   8.758057   8.798747   8.839935   8.881622   8.923813    8.96651   9.009716   9.053434   9.097667   9.142417   9.187688   9.233483   9.279804   9.326655   9.374039   9.421958   9.470415   9.519415   9.568959   9.619051   9.669693    9.72089   9.772644   9.824959   9.877837   9.931281   9.985295   10.03988   10.09505   10.15079   10.20711   10.26403   10.32153   10.37962   10.43831    10.4976   10.55749   10.61798   10.67909    10.7408   10.80314   10.86609   10.92966   10.99386   11.05869   11.12415   11.19024   11.25698   11.32436   11.39238   11.46105   11.53038   11.60036     11.671    11.7423   11.81427   11.88691   11.96023   12.03422   12.10889   12.18424   12.26028   12.33701   12.41443   12.49255   12.57138    12.6509   12.73113   12.81208   12.89374   12.97611   13.05921   13.14303   13.22757   13.31285   13.39887   13.48562   13.57311   13.66135   13.75033   13.84007   13.93056    14.0218   14.11381   14.20658   14.30012   14.39444   14.48952   14.58538   14.68202   14.77945   14.87766   14.97666   15.07646   15.17705   15.27843   15.38063   15.48362   15.58743   15.69204   15.79747   15.90371   16.01078   16.11867   16.22738   16.33692    16.4473    16.5585   16.67055   16.78343   16.89715   17.01172   17.12714   17.24341   17.36052    17.4785   17.59733   17.71702   17.83757   17.95899   18.08127   18.20442   18.32844   18.45334   18.57911   18.70576   18.83329    18.9617     19.091   19.22118   19.35225    19.4842   19.61705   19.75079   19.88543   20.02096   20.15739   20.29472   20.43295   20.57208   20.71212   20.85306    20.9949   21.13766   21.28132   21.42589   21.57137   21.71777   21.86508    22.0133   22.16243   22.31248   22.46344   22.61533   22.76812   22.92184   23.07647   23.23202   23.38849   23.54588   23.70419   23.86342   24.02356   24.18463   24.34661   24.50951   24.67333   24.83807   25.00373    25.1703   25.33779    25.5062   25.67552   25.84576   26.01691   26.18898   26.36195   26.53584   26.71064   26.88635   27.06297   27.24049   27.41892   27.59825   27.77848   27.95962   28.14165   28.32458   28.50841   28.69313   28.87874   29.06524   29.25262    29.4409   29.63005   29.82009     30.011   30.20279   30.39546   30.58899   30.78339   30.97865   31.17478   31.37177   31.56961    31.7683   31.96785   32.16824   32.36947   32.57154   32.77445    32.9782   33.18277   33.38816   33.59438   33.80141   34.00926   34.21792   34.42738   34.63765   34.84871   35.06057   35.27321   35.48664   35.70084   35.91583   36.13158    36.3481   36.56538   36.78341    37.0022   37.22173   37.44201   37.66302   37.88476   38.10723   38.33042   38.55432   38.77893   39.00425   39.23027   39.45698   39.68437   39.91245    40.1412   40.37063   40.60072   40.83146   41.06286   41.29491    41.5276   41.76092   41.99486   42.22943   42.46462   42.70041   42.93681    43.1738   43.41139   43.64955   43.88829   44.12761   44.36748   44.60791    44.8489   45.09042   45.33248   45.57507   45.81819   46.06182   46.30595   46.55059   46.79573   47.04135   47.28745   47.53402   47.78106   48.02856   48.27652   48.52491   48.77375   49.02301   49.27269    49.5228   49.77331   50.02421   50.27552   50.52721   50.77927   51.03171   51.28451   51.53767   51.79118   52.04502    52.2992   52.55371   52.80854   53.06367   53.31911   53.57485   53.83087   54.08717   54.34375   54.60059    54.8577   55.11505   55.37264   55.63047   55.88853   56.14681    56.4053   56.66399   56.92289   57.18197   57.44123   57.70068   57.96028   58.22005   58.47997   58.74004   59.00024   59.26057   59.52103    59.7816   60.04228   60.30306   60.56393   60.82489   61.08593   61.34704   61.60821   61.86944   62.13071   62.39203   62.65339   62.91477   63.17617   63.43759   63.69901   63.96043   64.22185   64.48325   64.74462   65.00597   65.26728   65.52855   65.78978   66.05094   66.31204   66.57307   66.83403    67.0949   67.35568   67.61637   67.87695   68.13742   68.39777   68.65801   68.91811   69.17808   69.43791   69.69758   69.95711   70.21647   70.47567   70.73469   70.99353   71.25219   71.51065   71.76892   72.02699   72.28484   72.54248    72.7999   73.05709   73.31405   73.57077   73.82725   74.08348   74.33945   74.59516   74.85061   75.10578   75.36068   75.61529   75.86962   76.12366   76.37739   76.63082   76.88395   77.13676   77.38925   77.64142   77.89326   78.14477   78.39594   78.64676   78.89724   79.14737   79.39714   79.64655   79.89559   80.14426   80.39256   80.64047   80.88801   81.13515   81.38191   81.62826   81.87422   82.11977   82.36491   82.60964   82.85395   83.09784   83.34131   83.58435   83.82696   84.06913   84.31086   84.55214   84.79298   85.03337   85.27331   85.51279   85.75181   85.99036   86.22845   86.46606    86.7032   86.93987   87.17605   87.41175   87.64696   87.88169   88.11592   88.34966    88.5829   88.81563   89.04787    89.2796   89.51081   89.74152   89.97171   90.20139   90.43055   90.65918   90.88729   91.11487   91.34193   91.56845   91.79444   92.01989   92.24481   92.46918   92.69302   92.91631   93.13905   93.36125   93.58289   93.80398   94.02452   94.24451   94.46393    94.6828    94.9011   95.11885   95.33603   95.55264   95.76869   95.98417   96.19907   96.41341   96.62717   96.84036   97.05298   97.26501   97.47647   97.68735   97.89765   98.10737    98.3165   98.52505   98.73301   98.94039   99.14719   99.35339   99.55901   99.76403   99.96847   100.1723   100.3756   100.5782   100.7803   100.9818   101.1826   101.3829   101.5826   101.7817   101.9802   102.1781   102.3754   102.5721   102.7682   102.9637   103.1586   103.3529   103.5466   103.7397   103.9322   104.1241   104.3154   104.5061   104.6962   104.8856   105.0745   105.2628   105.4505   105.6376   105.8241     106.01   106.1952   106.3799    106.564   106.7475   106.9303   107.1126   107.2943   107.4753   107.6558   107.8357   108.0149   108.1936   108.3717   108.5491    108.726   108.9023   109.0779    109.253   109.4275   109.6014   109.7747   109.9474   110.1195    110.291   110.4619   110.6322   110.8019    110.971   111.1395   111.3075   111.4748   111.6416   111.8078   111.9734   112.1384   112.3028   112.4666   112.6298   112.7925   112.9546    113.116   113.2769   113.4373    113.597   113.7562   113.9148   114.0728   114.2302    114.387   114.5433    114.699   114.8541   115.0087   115.1627   115.3161   115.4689   115.6212   115.7729   115.9241   116.0747   116.2247   116.3741    116.523   116.6713   116.8191   116.9663   117.1129    117.259   117.4046   117.5496    117.694   117.8379   117.9812    118.124   118.2662   118.4079    118.549   118.6896   118.8296   118.9691   119.1081   119.2465   119.3844   119.5217   119.6585   119.7948   119.9305   120.0658   120.2004   120.3346   120.4682   120.6013   120.7338   120.8659   120.9974   121.1284   121.2588   121.3888   121.5182   121.6471   121.7755   121.9034   122.0308   122.1577    122.284   122.4099   122.5352     122.66   122.7844   122.9082   123.0315   123.1543   123.2766   123.3985   123.5198   123.6406    123.761   123.8808   124.0002    124.119   124.2374   124.3553   124.4727   124.5896   124.7061   124.8221   124.9375   125.0525   125.1671   125.2811   125.3947   125.5078   125.6205   125.7326   125.8443   125.9556   126.0663   126.1767   126.2865   126.3959   126.5048   126.6133   126.7213   126.8289    126.936   127.0426   127.1488   127.2546   127.3599   127.4647   127.5692   127.6731   127.7767   127.8798   127.9824   128.0846   128.1864   128.2878   128.3887   128.4892   128.5892   128.6889    128.788   128.8868   128.9852   129.0831   129.1806   129.2777   129.3744   129.4706   129.5664   129.6619   129.7569   129.8515   129.9457   130.0394   130.1328   130.2258   130.3183   130.4105   130.5023   130.5936   130.6846   130.7752   130.8653   130.9551   131.0445   131.1335   131.2221   131.3103   131.3981   131.4856   131.5726   131.6593   131.7456   131.8315   131.9171   132.0022    132.087   132.1714   132.2555   132.3391   132.4224   132.5054   132.5879   132.6701    132.752   132.8334   132.9145   132.9953   133.0757   133.1557   133.2354   133.3147   133.3936   133.4723   133.5505   133.6284    133.706   133.7832   133.8601   133.9366   134.0128   134.0886   134.1641   134.2393   134.3141   134.3886
    11.71843     11.70577     11.69312     11.68047     11.66782     11.65517     11.64252     11.62987     11.61722     11.60457     11.59192     11.57927     11.56661     11.55396     11.54131     11.52866     11.51601     11.50336     11.49071     11.47806     11.46541     11.45276     11.44011     11.42745      11.4148     11.40215      11.3895     11.37685      11.3642     11.35155      11.3389     11.32625      11.3136     11.30095      11.2883     11.27564     11.26299     11.25034     11.23769     11.22504     11.21239     11.19974     11.18709     11.17444     11.16179     11.14914     11.13648     11.12383     11.11118     11.09853     11.08588     11.07323     11.06058     11.04793     11.03528     11.02263     11.00998     10.99732     10.98467     10.97202     10.95937     10.94672     10.93407     10.92142     10.90877     10.89612     10.88347     10.87082     10.85816     10.84551     10.83286     10.82021     10.80756     10.79491     10.78226     10.76961     10.75696     10.74431     10.73166       10.719     10.70635      10.6937     10.68105      10.6684     10.65575      10.6431     10.63045      10.6178     10.60515      10.5925     10.57984     10.56719     10.55454     10.54189     10.52924     10.51659     10.50394     10.49129     10.47864     10.46599     10.45334     10.44068     10.42803     10.41538     10.40273     10.39008     10.37743     10.36478     10.35213     10.33948     10.32683     10.31418     10.30153     10.28887     10.27622     10.26357     10.25092     10.23827     10.22562     10.21297     10.20032     10.18767     10.17502     10.16237     10.14971     10.13706     10.12441     10.11176     10.09911     10.08646     10.07381     10.06116     10.04851     10.03586     10.02321     10.01055     9.997904     9.985253     9.972602     9.959951       9.9473     9.934649     9.921998     9.909347     9.896696     9.884045     9.871395     9.858744     9.846093     9.833442     9.820791      9.80814     9.795489     9.782838     9.770187     9.757536     9.744886     9.732235     9.719584     9.706933     9.694282     9.681631      9.66898     9.656329     9.643678     9.631028     9.618377     9.605726     9.593075     9.580424     9.567773     9.555122     9.542471      9.52982     9.517169     9.504519     9.491868     9.479217     9.466566     9.453915     9.441264     9.428613     9.415962     9.403311      9.39066      9.37801     9.365359     9.352708     9.340057     9.327406     9.314755     9.302104     9.289453     9.276802     9.264152     9.251501      9.23885     9.226199     9.213548     9.200897     9.188246     9.175595     9.162944     9.150293     9.137643     9.124992     9.112341      9.09969     9.087039     9.074388     9.061737     9.049086     9.036435     9.023784     9.011134     8.998483     8.985832     8.973181      8.96053     8.947879     8.935228     8.922577     8.909926     8.897275     8.884625     8.871974     8.859323     8.846672     8.834021      8.82137     8.808719     8.796068     8.783417     8.770767     8.758116     8.745465     8.732814     8.720163     8.707512     8.694861      8.68221     8.669559     8.656908     8.644258     8.631607     8.618956     8.606305     8.593654     8.581003     8.568352     8.555701      8.54305     8.530399     8.517749     8.505098     8.492447     8.479796     8.467145     8.454494     8.441843     8.429192     8.416541      8.40389      8.39124     8.378589     8.365938     8.353287     8.340636     8.327985     8.315334     8.302683     8.290032     8.277382     8.264731      8.25208     8.239429     8.226778     8.214127     8.201476     8.188825     8.176174     8.163523     8.150873     8.138222     8.125571      8.11292     8.100269     8.087618     8.074967     8.062316     8.049665     8.037014     8.024364     8.011713     7.999062     7.986411      7.97376     7.961109     7.948458     7.935807     7.923156     7.910505     7.897855     7.885204     7.872553     7.859902     7.847251       7.8346     7.821949     7.809298     7.796647     7.783997     7.771346     7.758695     7.746044     7.733393     7.720742     7.708091      7.69544     7.682789     7.670138     7.657488     7.644837     7.632186     7.619535     7.606884     7.594233     7.581582     7.568931      7.55628     7.543629     7.530979     7.518328     7.505677     7.493026     7.480375     7.467724     7.455073     7.442422     7.429771      7.41712      7.40447     7.391819     7.379168     7.366517     7.353866     7.341215     7.328564     7.315913     7.303262     7.290612     7.277961      7.26531     7.252659     7.240008     7.227357     7.214706     7.202055     7.189404     7.176753     7.164103     7.151452     7.138801      7.12615     7.113499     7.100848     7.088197     7.075546     7.062895     7.050244     7.037594     7.024943     7.012292     6.999641      6.98699     6.974339     6.961688     6.949037     6.936386     6.923735     6.911085     6.898434     6.885783     6.873132     6.860481      6.84783     6.835179     6.822528     6.809877     6.797227     6.784576     6.771925     6.759274     6.746623     6.733972     6.721321      6.70867     6.696019     6.683368     6.670718     6.658067     6.645416     6.632765     6.620114     6.607463     6.594812     6.582161      6.56951     6.556859     6.544209     6.531558     6.518907     6.506256     6.493605     6.480954     6.468303     6.455652     6.443001      6.43035       6.4177     6.405049     6.392398     6.379747     6.367096     6.354445     6.341794     6.329143     6.316492     6.303842     6.291191      6.27854     6.265889     6.253238     6.240587     6.227936     6.215285     6.202634     6.189983     6.177333     6.164682     6.152031      6.13938     6.126729     6.114078     6.101427     6.088776     6.076125     6.063474     6.050824     6.038173     6.025522     6.012871      6.00022     5.987569     5.974918     5.962267     5.949616     5.936965     5.924315     5.911664     5.899013     5.886362     5.873711      5.86106     5.848409     5.835758     5.823107     5.810457     5.797806     5.785155     5.772504     5.759853     5.747202     5.734551       5.7219     5.709249     5.696598     5.683948     5.671297     5.658646     5.645995     5.633344     5.620693     5.608042     5.595391      5.58274     5.570089     5.557439     5.544788     5.532137     5.519486     5.506835     5.494184     5.481533     5.468882     5.456231     5.443581      5.43093     5.418279     5.405628     5.392977     5.380326     5.367675     5.355024     5.342373     5.329722     5.317072     5.304421      5.29177     5.279119     5.266468     5.253817     5.241166     5.228515     5.215864     5.203213     5.190563     5.177912     5.165261      5.15261     5.139959     5.127308     5.114657     5.102006     5.089355     5.076704     5.064054     5.051403     5.038752     5.026101      5.01345     5.000799     4.988148     4.975497     4.962846     4.950196     4.937545     4.924894     4.912243     4.899592     4.886941      4.87429     4.861639     4.848988     4.836337     4.823687     4.811036     4.798385     4.785734     4.773083     4.760432     4.747781      4.73513     4.722479     4.709828     4.697178     4.684527     4.671876     4.659225     4.646574     4.633923     4.621272     4.608621      4.59597     4.583319     4.570669     4.558018     4.545367     4.532716     4.520065     4.507414     4.494763     4.482112     4.469461     4.456811      4.44416     4.431509     4.418858     4.406207     4.393556     4.380905     4.368254     4.355603     4.342952     4.330302     4.317651        4.305     4.292349     4.279698     4.267047     4.254396     4.241745     4.229094     4.216443     4.203793     4.191142     4.178491      4.16584     4.153189     4.140538     4.127887     4.115236     4.102585     4.089934     4.077284     4.064633     4.051982     4.039331      4.02668     4.014029     4.001378     3.988727     3.976076     3.963426     3.950775     3.938124     3.925473     3.912822     3.900171      3.88752     3.874869     3.862218     3.849567     3.836917     3.824266     3.811615     3.798964     3.786313     3.773662     3.761011      3.74836     3.735709     3.723058     3.710408     3.697757     3.685106     3.672455     3.659804     3.647153     3.634502     3.621851       3.6092     3.596549     3.583899     3.571248     3.558597     3.545946     3.533295     3.520644     3.507993     3.495342     3.482691     3.470041      3.45739     3.444739     3.432088     3.419437     3.406786     3.394135     3.381484     3.368833     3.356182     3.343532     3.330881      3.31823     3.305579     3.292928     3.280277     3.267626     3.254975     3.242324     3.229673     3.217023     3.204372     3.191721      3.17907     3.166419     3.153768     3.141117     3.128466     3.115815     3.103164     3.090514     3.077863     3.065212     3.052561      3.03991     3.027259     3.014608     3.001957     2.989306     2.976656     2.964005     2.951354     2.938703     2.926052     2.913401      2.90075     2.888099     2.875448     2.862797     2.850147     2.837496     2.824845     2.812194     2.799543     2.786892     2.774241      2.76159     2.748939     2.736288     2.723638     2.710987     2.698336     2.685685     2.673034     2.660383     2.647732     2.635081      2.62243     2.609779     2.597129     2.584478     2.571827     2.559176     2.546525     2.533874     2.521223     2.508572     2.495921     2.483271      2.47062     2.457969     2.445318     2.432667     2.420016     2.407365     2.394714     2.382063     2.369412     2.356762     2.344111      2.33146     2.318809     2.306158     2.293507     2.280856     2.268205     2.255554     2.242903     2.230253     2.217602     2.204951       2.1923     2.179649     2.166998     2.154347     2.141696     2.129045     2.116395     2.103744     2.091093     2.078442     2.065791      2.05314     2.040489     2.027838     2.015187     2.002536     1.989886     1.977235     1.964584     1.951933     1.939282     1.926631      1.91398     1.901329     1.888678     1.876027     1.863377     1.850726     1.838075     1.825424     1.812773     1.800122     1.787471      1.77482     1.762169     1.749518     1.736868     1.724217     1.711566     1.698915     1.686264     1.673613     1.660962     1.648311      1.63566      1.62301     1.610359     1.597708     1.585057     1.572406     1.559755     1.547104     1.534453     1.521802     1.509151     1.496501      1.48385     1.471199     1.458548     1.445897     1.433246     1.420595     1.407944     1.395293     1.382642     1.369992     1.357341      1.34469     1.332039     1.319388     1.306737     1.294086     1.281435     1.268784     1.256133     1.243483     1.230832     1.218181      1.20553     1.192879     1.180228     1.167577     1.154926     1.142275     1.129625     1.116974     1.104323     1.091672     1.079021      1.06637     1.053719     1.041068     1.028417     1.015766     1.003116    0.9904646    0.9778137    0.9651628    0.9525119     0.939861    0.9272102    0.9145593    0.9019084    0.8892575    0.8766066    0.8639557    0.8513048    0.8386539     0.826003    0.8133521    0.8007012    0.7880503    0.7753994    0.7627485    0.7500976    0.7374467    0.7247958    0.7121449     0.699494    0.6868431    0.6741922    0.6615413    0.6488904    0.6362395    0.6235886    0.6109377    0.5982868    0.5856359     0.572985    0.5603341    0.5476832    0.5350323    0.5223814    0.5097305    0.4970796    0.4844287    0.4717778    0.4591269    0.4464761    0.4338252    0.4211743    0.4085234    0.3958725    0.3832216    0.3705707    0.3579198    0.3452689     0.332618    0.3199671    0.3073162    0.2946653    0.2820144    0.2693635    0.2567126    0.2440617    0.2314108    0.2187599     0.206109    0.1934581    0.1808072    0.1681563    0.1555054    0.1428545    0.1302036    0.1175527    0.1049018   0.09225093   0.07960003   0.06694913   0.05429823   0.04164734   0.02899644   0.01634554  0.003694645 -0.008956252  -0.02160715  -0.03425805  -0.04690894  -0.05955984  -0.07221074  -0.08486164  -0.09751253   -0.1101634   -0.1228143   -0.1354652   -0.1481161    -0.160767   -0.1734179   -0.1860688   -0.1987197   -0.2113706   -0.2240215   -0.2366724   -0.2493233   -0.2619742   -0.2746251    -0.287276   -0.2999269   -0.3125778   -0.3252287   -0.3378796   -0.3505305   -0.3631814   -0.3758323   -0.3884832   -0.4011341    -0.413785   -0.4264359   -0.4390868   -0.4517377   -0.4643886   -0.4770395   -0.4896904   -0.5023412   -0.5149921    -0.527643   -0.5402939   -0.5529448   -0.5655957   -0.5782466   -0.5908975   -0.6035484   -0.6161993   -0.6288502   -0.6415011    -0.654152   -0.6668029   -0.6794538   -0.6921047   -0.7047556   -0.7174065   -0.7300574   -0.7427083   -0.7553592   -0.7680101    -0.780661   -0.7933119   -0.8059628   -0.8186137   -0.8312646   -0.8439155   -0.8565664   -0.8692173   -0.8818682   -0.8945191     -0.90717   -0.9198209   -0.9324718   -0.9451227   -0.9577736   -0.9704245   -0.9830753   -0.9957262    -1.008377    -1.021028    -1.033679     -1.04633    -1.058981    -1.071632    -1.084283    -1.096933    -1.109584    -1.122235    -1.134886    -1.147537    -1.160188    -1.172839     -1.18549    -1.198141    -1.210791    -1.223442    -1.236093    -1.248744    -1.261395    -1.274046    -1.286697    -1.299348    -1.311999     -1.32465      -1.3373    -1.349951    -1.362602    -1.375253    -1.387904    -1.400555    -1.413206    -1.425857    -1.438508    -1.451159    -1.463809     -1.47646    -1.489111    -1.501762    -1.514413    -1.527064    -1.539715    -1.552366    -1.565017    -1.577668    -1.590318    -1.602969     -1.61562    -1.628271    -1.640922    -1.653573    -1.666224    -1.678875    -1.691526    -1.704176    -1.716827    -1.729478    -1.742129     -1.75478    -1.767431    -1.780082    -1.792733    -1.805384    -1.818035    -1.830685    -1.843336    -1.855987    -1.868638    -1.881289     -1.89394    -1.906591    -1.919242    -1.931893    -1.944544    -1.957194    -1.969845    -1.982496    -1.995147    -2.007798    -2.020449      -2.0331    -2.045751    -2.058402    -2.071053    -2.083703    -2.096354    -2.109005    -2.121656    -2.134307    -2.146958    -2.159609     -2.17226    -2.184911    -2.197561    -2.210212    -2.222863    -2.235514    -2.248165    -2.260816    -2.273467    -2.286118    -2.298769     -2.31142     -2.32407    -2.336721    -2.349372    -2.362023    -2.374674    -2.387325    -2.399976    -2.412627    -2.425278    -2.437929    -2.450579     -2.46323    -2.475881    -2.488532    -2.501183    -2.513834    -2.526485    -2.539136    -2.551787    -2.564438    -2.577088    -2.589739     -2.60239    -2.615041    -2.627692    -2.640343    -2.652994    -2.665645    -2.678296    -2.690946    -2.703597    -2.716248    -2.728899     -2.74155    -2.754201    -2.766852    -2.779503    -2.792154    -2.804805    -2.817455    -2.830106    -2.842757    -2.855408    -2.868059     -2.88071    -2.893361    -2.906012    -2.918663    -2.931314    -2.943964    -2.956615    -2.969266    -2.981917    -2.994568    -3.007219     -3.01987    -3.032521    -3.045172    -3.057823    -3.070473    -3.083124    -3.095775    -3.108426    -3.121077    -3.133728    -3.146379     -3.15903    -3.171681    -3.184331    -3.196982    -3.209633    -3.222284    -3.234935    -3.247586    -3.260237    -3.272888    -3.285539     -3.29819     -3.31084    -3.323491    -3.336142    -3.348793    -3.361444    -3.374095    -3.386746    -3.399397    -3.412048    -3.424699    -3.437349        -3.45    -3.462651
   -21.01663    -20.90033    -20.78403    -20.66773    -20.55143    -20.43513    -20.31883    -20.20253    -20.08623    -19.96993    -19.85362    -19.73732    -19.62102    -19.50472    -19.38842    -19.27212    -19.15582    -19.03952    -18.92322    -18.80692    -18.69061    -18.57431    -18.45801    -18.34171    -18.22541    -18.10911    -17.99281    -17.87651    -17.76021     -17.6439     -17.5276     -17.4113      -17.295     -17.1787     -17.0624     -16.9461     -16.8298     -16.7135     -16.5972    -16.48089    -16.36459    -16.24829    -16.13199    -16.01569    -15.89939    -15.78309    -15.66679    -15.55049    -15.43419    -15.31788    -15.20158    -15.08528    -14.96898    -14.85268    -14.73638    -14.62008    -14.50378    -14.38748    -14.27117    -14.15487    -14.03857    -13.92227    -13.80597    -13.68967    -13.57337    -13.45707    -13.34077    -13.22447    -13.10816    -12.99186    -12.87556    -12.75926    -12.64296    -12.52666    -12.41036    -12.29406    -12.17776    -12.06146    -11.94515    -11.82885    -11.71255    -11.59625    -11.47995    -11.36365    -11.24735    -11.13105    -11.01475    -10.89844    -10.78214    -10.66584    -10.54954    -10.43324    -10.31694    -10.20064    -10.08434    -9.968037    -9.851736    -9.735435    -9.619134    -9.502833    -9.386532    -9.270231     -9.15393    -9.037628    -8.921327    -8.805026    -8.688725    -8.572424    -8.456123    -8.339822    -8.223521     -8.10722    -7.990919    -7.874618    -7.758317    -7.642016    -7.525715    -7.409414    -7.293113    -7.176812    -7.060511     -6.94421    -6.827909    -6.711608    -6.595307    -6.479006    -6.362705    -6.246404    -6.130103    -6.013802    -5.897501      -5.7812    -5.664899    -5.548598    -5.432297    -5.315996    -5.199694    -5.083393    -4.967092    -4.850791     -4.73449    -4.618189    -4.501888    -4.385587    -4.269286    -4.152985    -4.036684    -3.920383    -3.804082    -3.687781     -3.57148    -3.455179    -3.338878    -3.222577    -3.106276    -2.989975    -2.873674    -2.757373    -2.641072    -2.524771     -2.40847    -2.292169    -2.175868    -2.059567    -1.943266    -1.826965    -1.710664    -1.594363    -1.478061     -1.36176    -1.245459    -1.129158    -1.012857   -0.8965563   -0.7802553   -0.6639543   -0.5476533   -0.4313522   -0.3150512   -0.1987502  -0.08244913    0.0338519    0.1501529     0.266454     0.382755     0.499056    0.6153571    0.7316581    0.8479591    0.9642601     1.080561     1.196862     1.313163     1.429464     1.545765     1.662066     1.778367     1.894668     2.010969      2.12727     2.243571     2.359873     2.476174     2.592475     2.708776     2.825077     2.941378     3.057679      3.17398     3.290281     3.406582     3.522883     3.639184     3.755485     3.871786     3.988087     4.104388     4.220689      4.33699     4.453291     4.569592     4.685893     4.802194     4.918495     5.034796     5.151097     5.267398     5.383699          5.5     5.616301     5.732602     5.848903     5.965204     6.081505     6.197807     6.314108     6.430409      6.54671     6.663011     6.779312     6.895613     7.011914     7.128215     7.244516     7.360817     7.477118     7.593419      7.70972     7.826021     7.942322     8.058623     8.174924     8.291225     8.407526     8.523827     8.640128     8.756429      8.87273     8.989031     9.105332     9.221633     9.337934     9.454235     9.570536     9.686837     9.803138      9.91944     10.03574     10.15204     10.26834     10.38464     10.50094     10.61725     10.73355     10.84985     10.96615     11.08245     11.19875     11.31505     11.43135     11.54765     11.66395     11.78026     11.89656     12.01286     12.12916     12.24546     12.36176     12.47806     12.59436     12.71066     12.82697     12.94327     13.05957     13.17587     13.29217     13.40847     13.52477     13.64107     13.75737     13.87367     13.98998     14.10628     14.22258     14.33888     14.45518     14.57148     14.68778     14.80408     14.92038     15.03668     15.15299     15.26929     15.38559     15.50189     15.61819     15.73449     15.85079     15.96709     16.08339      16.1997       16.316      16.4323      16.5486      16.6649      16.7812      16.8975      17.0138      17.1301      17.2464     17.36271     17.47901     17.59531     17.71161     17.82791     17.94421     18.06051     18.17681     18.29311     18.40941     18.52572     18.64202     18.75832     18.87462     18.99092     19.10722     19.22352     19.33982     19.45612     19.57243     19.68873     19.80503     19.92133     20.03763     20.15393     20.27023     20.38653     20.50283     20.61913     20.73544     20.85174     20.96804     21.08434     21.20064     21.31694     21.43324     21.54954     21.66584     21.78214     21.89845     22.01475     22.13105     22.24735     22.36365     22.47995     22.59625     22.71255     22.82885     22.94515     23.06146     23.17776     23.29406     23.41036     23.52666     23.64296     23.75926     23.87556     23.99186     24.10817     24.22447     24.34077     24.45707     24.57337     24.68967     24.80597     24.92227     25.03857     25.15487     25.27118     25.38748     25.50378     25.62008     25.73638     25.85268     25.96898     26.08528     26.20158     26.31788     26.43419     26.55049     26.66679     26.78309     26.89939     27.01569     27.13199     27.24829     27.36459      27.4809      27.5972      27.7135      27.8298      27.9461      28.0624      28.1787       28.295      28.4113      28.5276     28.64391     28.76021     28.87651     28.99281     29.10911     29.22541     29.34171     29.45801     29.57431     29.69061     29.80692     29.92322     30.03952     30.15582     30.27212     30.38842     30.50472     30.62102     30.73732     30.85363     30.96993     31.08623     31.20253     31.31883     31.43513     31.55143     31.66773     31.78403     31.90033     32.01664     32.13294     32.24924     32.36554     32.48184     32.59814     32.71444     32.83074     32.94704     33.06334     33.17965     33.29595     33.41225     33.52855     33.64485     33.76115     33.87745     33.99375     34.11005     34.22635     34.34266     34.45896     34.57526     34.69156     34.80786     34.92416     35.04046     35.15676     35.27306     35.38937     35.50567     35.62197     35.73827     35.85457     35.97087     36.08717     36.20347     36.31977     36.43607     36.55238     36.66868     36.78498     36.90128     37.01758     37.13388     37.25018     37.36648     37.48278     37.59908     37.71539     37.83169     37.94799     38.06429     38.18059     38.29689     38.41319     38.52949     38.64579      38.7621      38.8784      38.9947       39.111      39.2273      39.3436      39.4599      39.5762      39.6925      39.8088     39.92511     40.04141     40.15771     40.27401     40.39031     40.50661     40.62291     40.73921     40.85551     40.97181     41.08812     41.20442     41.32072     41.43702     41.55332     41.66962     41.78592     41.90222     42.01852     42.13482     42.25113     42.36743     42.48373     42.60003     42.71633     42.83263     42.94893     43.06523     43.18153     43.29784     43.41414     43.53044     43.64674     43.76304     43.87934     43.99564     44.11194     44.22824     44.34454     44.46085     44.57715     44.69345     44.80975     44.92605     45.04235     45.15865     45.27495     45.39125     45.50755     45.62386     45.74016     45.85646     45.97276     46.08906     46.20536     46.32166     46.43796     46.55426     46.67057     46.78687     46.90317     47.01947     47.13577     47.25207     47.36837     47.48467     47.60097     47.71727     47.83358     47.94988     48.06618     48.18248     48.29878     48.41508     48.53138     48.64768     48.76398     48.88028     48.99659     49.11289     49.22919     49.34549     49.46179     49.57809     49.69439     49.81069     49.92699      50.0433      50.1596      50.2759      50.3922      50.5085      50.6248      50.7411      50.8574      50.9737        51.09     51.20631     51.32261     51.43891     51.55521     51.67151     51.78781     51.90411     52.02041     52.13671     52.25301     52.36932     52.48562     52.60192     52.71822     52.83452     52.95082     53.06712     53.18342     53.29972     53.41602     53.53233     53.64863     53.76493     53.88123     53.99753     54.11383     54.23013     54.34643     54.46273     54.57904     54.69534     54.81164     54.92794     55.04424     55.16054     55.27684     55.39314     55.50944     55.62574     55.74205     55.85835     55.97465     56.09095     56.20725     56.32355     56.43985     56.55615     56.67245     56.78875     56.90506     57.02136     57.13766     57.25396     57.37026     57.48656     57.60286     57.71916     57.83546     57.95177     58.06807     58.18437     58.30067     58.41697     58.53327     58.64957     58.76587     58.88217     58.99847     59.11478     59.23108     59.34738     59.46368     59.57998     59.69628     59.81258     59.92888     60.04518     60.16148     60.27779     60.39409     60.51039     60.62669     60.74299     60.85929     60.97559     61.09189     61.20819      61.3245      61.4408      61.5571      61.6734      61.7897       61.906      62.0223      62.1386      62.2549      62.3712     62.48751     62.60381     62.72011     62.83641     62.95271     63.06901     63.18531     63.30161     63.41791     63.53421     63.65052     63.76682     63.88312     63.99942     64.11572     64.23202     64.34832     64.46462     64.58092     64.69722     64.81353     64.92983     65.04613     65.16243     65.27873     65.39503     65.51133     65.62763     65.74393     65.86024     65.97654     66.09284     66.20914     66.32544     66.44174     66.55804     66.67434     66.79064     66.90694     67.02325     67.13955     67.25585     67.37215     67.48845     67.60475     67.72105     67.83735     67.95365     68.06995     68.18626     68.30256     68.41886     68.53516     68.65146     68.76776     68.88406     69.00036     69.11666     69.23297     69.34927     69.46557     69.58187     69.69817     69.81447     69.93077     70.04707     70.16337     70.27967     70.39598     70.51228     70.62858     70.74488     70.86118     70.97748     71.09378     71.21008     71.32638     71.44268     71.55899     71.67529     71.79159     71.90789     72.02419     72.14049     72.25679     72.37309     72.48939      72.6057       72.722      72.8383      72.9546      73.0709      73.1872      73.3035      73.4198      73.5361      73.6524     73.76871     73.88501     74.00131     74.11761     74.23391     74.35021     74.46651     74.58281     74.69911     74.81541     74.93172     75.04802     75.16432     75.28062     75.39692     75.51322     75.62952     75.74582     75.86212     75.97842     76.09473     76.21103     76.32733     76.44363     76.55993     76.67623     76.79253     76.90883     77.02513     77.14144     77.25774     77.37404     77.49034     77.60664     77.72294     77.83924     77.95554     78.07184     78.18814     78.30445     78.42075     78.53705     78.65335     78.76965     78.88595     79.00225     79.11855     79.23485     79.35115     79.46746     79.58376     79.70006     79.81636     79.93266     80.04896     80.16526     80.28156     80.39786     80.51417     80.63047     80.74677     80.86307     80.97937     81.09567     81.21197     81.32827     81.44457     81.56087     81.67718     81.79348     81.90978     82.02608     82.14238     82.25868     82.37498     82.49128     82.60758     82.72388     82.84019     82.95649     83.07279     83.18909     83.30539     83.42169     83.53799     83.65429     83.77059     83.88689      84.0032      84.1195      84.2358      84.3521      84.4684      84.5847       84.701      84.8173      84.9336     85.04991     85.16621     85.28251     85.39881     85.51511     85.63141     85.74771     85.86401     85.98031     86.09661     86.21292     86.32922     86.44552     86.56182     86.67812     86.79442     86.91072     87.02702     87.14332     87.25962     87.37593     87.49223     87.60853     87.72483     87.84113     87.95743     88.07373     88.19003     88.30633     88.42264     88.53894     88.65524     88.77154     88.88784     89.00414     89.12044     89.23674     89.35304     89.46934     89.58565     89.70195     89.81825     89.93455     90.05085     90.16715     90.28345     90.39975     90.51605     90.63235     90.74866     90.86496     90.98126     91.09756     91.21386     91.33016     91.44646     91.56276     91.67906     91.79537     91.91167     92.02797     92.14427     92.26057     92.37687     92.49317     92.60947     92.72577     92.84207     92.95838     93.07468     93.19098     93.30728     93.42358     93.53988     93.65618     93.77248     93.88878     94.00508     94.12139     94.23769     94.35399     94.47029     94.58659     94.70289     94.81919     94.93549     95.05179     95.16809      95.2844      95.4007       95.517      95.6333      95.7496      95.8659      95.9822      96.0985      96.2148     96.33111     96.44741     96.56371     96.68001     96.79631     96.91261     97.02891     97.14521     97.26151     97.37781     97.49412     97.61042     97.72672     97.84302     97.95932     98.07562     98.19192     98.30822     98.42452     98.54082     98.65713     98.77343     98.88973     99.00603     99.12233     99.23863     99.35493     99.47123     99.58753     99.70384     99.82014     99.93644     100.0527      100.169     100.2853     100.4016     100.5179     100.6342     100.7505     100.8668     100.9831     101.0994     101.2157      101.332     101.4484     101.5647      101.681     101.7973     101.9136     102.0299     102.1462     102.2625     102.3788     102.4951     102.6114     102.7277      102.844     102.9603     103.0766     103.1929     103.3092     103.4255     103.5418     103.6581     103.7744     103.8907      104.007     104.1233     104.2396     104.3559     104.4722     104.5885     104.7048     104.8211     104.9374     105.0537       105.17     105.2863     105.4026     105.5189     105.6352     105.7515     105.8678     105.9841     106.1004     106.2167      106.333     106.4493     106.5656     106.6819     106.7982     106.9145     107.0308     107.1471     107.2634     107.3797      107.496     107.6123     107.7286     107.8449     107.9612     108.0775     108.1938     108.3101     108.4264     108.5427      108.659     108.7753     108.8916     109.0079     109.1242     109.2405     109.3568     109.4731     109.5894     109.7057      109.822     109.9383     110.0546     110.1709     110.2872     110.4035     110.5198     110.6361     110.7524     110.8687      110.985     111.1013     111.2176     111.3339     111.4502     111.5665     111.6828     111.7991     111.9154     112.0317      112.148     112.2643     112.3806     112.4969     112.6132     112.7296     112.8459     112.9622     113.0785     113.1948     113.3111     113.4274     113.5437       113.66     113.7763     113.8926     114.0089     114.1252     114.2415     114.3578     114.4741     114.5904     114.7067      114.823     114.9393     115.0556     115.1719     115.2882     115.4045     115.5208     115.6371     115.7534     115.8697      115.986     116.1023     116.2186     116.3349     116.4512     116.5675     116.6838     116.8001     116.9164     117.0327      117.149     117.2653     117.3816     117.4979     117.6142     117.7305     117.8468     117.9631     118.0794     118.1957      118.312     118.4283     118.5446
    13.28157     13.16965     13.05836     12.94768     12.83762     12.72817     12.61933      12.5111     12.40347     12.29645     12.19002     12.08419     11.97895      11.8743     11.77023     11.66675     11.56385     11.46153     11.35978      11.2586       11.158     11.05796     10.95848     10.85956      10.7612      10.6634     10.56615     10.46945     10.37329     10.27768     10.18261     10.08808      9.99409      9.90063       9.8077     9.715299     9.623423      9.53207     9.441237     9.350922     9.261123     9.171836     9.083059      8.99479     8.907026     8.819765     8.733003      8.64674     8.560971     8.475695      8.39091     8.306612     8.222799      8.13947     8.056622     7.974251     7.892357     7.810936     7.729986     7.649505      7.56949      7.48994     7.410852     7.332223     7.254052     7.176336     7.099073      7.02226     6.945896     6.869978     6.794504     6.719472     6.644879     6.570724     6.497004     6.423717     6.350861     6.278434     6.206434     6.134858     6.063705     5.992973     5.922658      5.85276     5.783277     5.714205     5.645544     5.577291     5.509444     5.442001     5.374961      5.30832     5.242078     5.176232      5.11078     5.045721     4.981052     4.916772     4.852878     4.789369     4.726243     4.663497     4.601131     4.539142     4.477528     4.416288     4.355419      4.29492     4.234789     4.175024     4.115624     4.056586     3.997909     3.939592     3.881631     3.824026     3.766775     3.709876     3.653327     3.597127     3.541274     3.485765     3.430601     3.375778     3.321296     3.267152     3.213344     3.159872     3.106734     3.053927     3.001451     2.949303     2.897483     2.845988     2.794817     2.743968      2.69344     2.643231     2.593339     2.543764     2.494503     2.445555     2.396919     2.348592     2.300574     2.252863     2.205457     2.158355     2.111556     2.065057     2.018858     1.972957     1.927353     1.882044     1.837028     1.792305     1.747873      1.70373     1.659875     1.616307     1.573024     1.530025     1.487308     1.444873     1.402717     1.360839     1.319239     1.277914     1.236864     1.196086      1.15558     1.115345     1.075379      1.03568    0.9962481    0.9570812    0.9181781    0.8795375    0.8411583    0.8030392    0.7651788     0.727576    0.6902295     0.653138    0.6163003    0.5797151    0.5433814    0.5072978     0.471463     0.435876    0.4005356    0.3654404    0.3305894    0.2959813     0.261615    0.2274893    0.1936031    0.1599551    0.1265442   0.09336932   0.06042926   0.02772289 -0.004750929  -0.03699331  -0.06900539   -0.1007883   -0.1323431   -0.1636709   -0.1947729   -0.2256501   -0.2563036   -0.2867345   -0.3169438   -0.3469328   -0.3767024   -0.4062536   -0.4355877   -0.4647055   -0.4936082   -0.5222968   -0.5507724    -0.579036   -0.6070886   -0.6349312   -0.6625649   -0.6899908   -0.7172097   -0.7442228    -0.771031   -0.7976353   -0.8240368   -0.8502364   -0.8762351    -0.902034   -0.9276339   -0.9530358   -0.9782408     -1.00325    -1.028064    -1.052684    -1.077111    -1.101345    -1.125389    -1.149242    -1.172906    -1.196381    -1.219669    -1.242771    -1.265687    -1.288418    -1.310965     -1.33333    -1.355513    -1.377515    -1.399336    -1.420979    -1.442443     -1.46373     -1.48484    -1.505775    -1.526535    -1.547121    -1.567535    -1.587776    -1.607846    -1.627746    -1.647476    -1.667038    -1.686432    -1.705659     -1.72472    -1.743616    -1.762348    -1.780916    -1.799322    -1.817566    -1.835649    -1.853572    -1.871336    -1.888941    -1.906389    -1.923681    -1.940816    -1.957796    -1.974622    -1.991295    -2.007815    -2.024183    -2.040401    -2.056468    -2.072385    -2.088155    -2.103776    -2.119251    -2.134579    -2.149763    -2.164801    -2.179696    -2.194448    -2.209058    -2.223526    -2.237854    -2.252042    -2.266091    -2.280002    -2.293775    -2.307412    -2.320912    -2.334278    -2.347509    -2.360607    -2.373571    -2.386404    -2.399105    -2.411676    -2.424117    -2.436428    -2.448612    -2.460668    -2.472597      -2.4844    -2.496078    -2.507631     -2.51906    -2.530366     -2.54155    -2.552612    -2.563553    -2.574374    -2.585076    -2.595658    -2.606123    -2.616471    -2.626701    -2.636816    -2.646816    -2.656701    -2.666473    -2.676131    -2.685677    -2.695111    -2.704435    -2.713648    -2.722751    -2.731745    -2.740632     -2.74941    -2.758082    -2.766648    -2.775108    -2.783463    -2.791714    -2.799861    -2.807906    -2.815848    -2.823689    -2.831429    -2.839068    -2.846608    -2.854049    -2.861391    -2.868636    -2.875783    -2.882834     -2.88979    -2.896649    -2.903415    -2.910086    -2.916664    -2.923149    -2.929542    -2.935843    -2.942053    -2.948173    -2.954203    -2.960144    -2.965996    -2.971759    -2.977436    -2.983025    -2.988528    -2.993945    -2.999276    -3.004523    -3.009686    -3.014765    -3.019761    -3.024674    -3.029505    -3.034254    -3.038923    -3.043511    -3.048019    -3.052447    -3.056796    -3.061067     -3.06526    -3.069375    -3.073414    -3.077375    -3.081261    -3.085071    -3.088806    -3.092466    -3.096052    -3.099564    -3.103003    -3.106369    -3.109662    -3.112884    -3.116034    -3.119112     -3.12212    -3.125058    -3.127926    -3.130725    -3.133454    -3.136115    -3.138707    -3.141232    -3.143689    -3.146079    -3.148402    -3.150659     -3.15285    -3.154976    -3.157036    -3.159031    -3.160962    -3.162829    -3.164632    -3.166371    -3.168048    -3.169662    -3.171213    -3.172702    -3.174129    -3.175495      -3.1768    -3.178044    -3.179228    -3.180351    -3.181414    -3.182418    -3.183363    -3.184249    -3.185076    -3.185844    -3.186555    -3.187207    -3.187802     -3.18834    -3.188821    -3.189245    -3.189613    -3.189924     -3.19018     -3.19038    -3.190524    -3.190614    -3.190648    -3.190628    -3.190553    -3.190424    -3.190242    -3.190005    -3.189715    -3.189372    -3.188976    -3.188527    -3.188026    -3.187472    -3.186867    -3.186209      -3.1855    -3.184739    -3.183927    -3.183064     -3.18215    -3.181186    -3.180172    -3.179107    -3.177992    -3.176827    -3.175613     -3.17435    -3.173037    -3.171675    -3.170265    -3.168806    -3.167298    -3.165742    -3.164139    -3.162487    -3.160788    -3.159041    -3.157247    -3.155406    -3.153518    -3.151583    -3.149601    -3.147573    -3.145499    -3.143379    -3.141213    -3.139001    -3.136744    -3.134441    -3.132093      -3.1297    -3.127262     -3.12478    -3.122252    -3.119681    -3.117065    -3.114405    -3.111702    -3.108954    -3.106163    -3.103329    -3.100451     -3.09753    -3.094566     -3.09156    -3.088511    -3.085419    -3.082285    -3.079109    -3.075891    -3.072631    -3.069329    -3.065986    -3.062601    -3.059175    -3.055708      -3.0522    -3.048651    -3.045062    -3.041432    -3.037762    -3.034051      -3.0303     -3.02651     -3.02268     -3.01881      -3.0149    -3.010952    -3.006964    -3.002937    -2.998871    -2.994767    -2.990623    -2.986442    -2.982222    -2.977964    -2.973667    -2.969333    -2.964962    -2.960552    -2.956105    -2.951621      -2.9471    -2.942541    -2.937946    -2.933314    -2.928645     -2.92394    -2.919198     -2.91442    -2.909606    -2.904757    -2.899871     -2.89495    -2.889993    -2.885001    -2.879973    -2.874911    -2.869813    -2.864681    -2.859514    -2.854312    -2.849076    -2.843806    -2.838501    -2.833163    -2.827791    -2.822384    -2.816945    -2.811471    -2.805965    -2.800425    -2.794852    -2.789246    -2.783607    -2.777936    -2.772232    -2.766495    -2.760727    -2.754926    -2.749093    -2.743228    -2.737331    -2.731403    -2.725443    -2.719452     -2.71343    -2.707376    -2.701291    -2.695176     -2.68903    -2.682853    -2.676645    -2.670408     -2.66414    -2.657842    -2.651513    -2.645155    -2.638768     -2.63235    -2.625904    -2.619427    -2.612922    -2.606387    -2.599824    -2.593232     -2.58661    -2.579961    -2.573282    -2.566576    -2.559841    -2.553078    -2.546286    -2.539467    -2.532621    -2.525746    -2.518844    -2.511915    -2.504958    -2.497974    -2.490963    -2.483925     -2.47686    -2.469769    -2.462651    -2.455506    -2.448335    -2.441138    -2.433915    -2.426665     -2.41939    -2.412089    -2.404762     -2.39741    -2.390032    -2.382629    -2.375201    -2.367748    -2.360269    -2.352766    -2.345238    -2.337685    -2.330108    -2.322506     -2.31488     -2.30723    -2.299555    -2.291857    -2.284134    -2.276388    -2.268618    -2.260825    -2.253008    -2.245168    -2.237304    -2.229417    -2.221508    -2.213575    -2.205619    -2.197641     -2.18964    -2.181617    -2.173571    -2.165503    -2.157412      -2.1493    -2.141165    -2.133009     -2.12483     -2.11663    -2.108409    -2.100165    -2.091901    -2.083615    -2.075308     -2.06698     -2.05863     -2.05026    -2.041869    -2.033457    -2.025025    -2.016572    -2.008098    -1.999605    -1.991091    -1.982556    -1.974002    -1.965428    -1.956834     -1.94822    -1.939586    -1.930933     -1.92226    -1.913568    -1.904857    -1.896126    -1.887376    -1.878607    -1.869819    -1.861013    -1.852187    -1.843343     -1.83448    -1.825598    -1.816699     -1.80778    -1.798844    -1.789889    -1.780916    -1.771926    -1.762917     -1.75389    -1.744846    -1.735784    -1.726705    -1.717608    -1.708493    -1.699361    -1.690212    -1.681046    -1.671863    -1.662662    -1.653445    -1.644211     -1.63496    -1.625693    -1.616408    -1.607108    -1.597791    -1.588457    -1.579107    -1.569741    -1.560359    -1.550961    -1.541547    -1.532117    -1.522671    -1.513209    -1.503732    -1.494239     -1.48473    -1.475206    -1.465667    -1.456112    -1.446542    -1.436957    -1.427357    -1.417742    -1.408112    -1.398467    -1.388807    -1.379133    -1.369444     -1.35974    -1.350022    -1.340289    -1.330542    -1.320781    -1.311005    -1.301215    -1.291412    -1.281594    -1.271762    -1.261916    -1.252057    -1.242183    -1.232296    -1.222396    -1.212481    -1.202554    -1.192613    -1.182658     -1.17269    -1.162709    -1.152715    -1.142708    -1.132687    -1.122654    -1.112608    -1.102549    -1.092477    -1.082392    -1.072295    -1.062185    -1.052063    -1.041928     -1.03178     -1.02162    -1.011448    -1.001264   -0.9910677   -0.9808592   -0.9706385   -0.9604059   -0.9501613   -0.9399048   -0.9296365   -0.9193564   -0.9090646   -0.8987611    -0.888446   -0.8781194   -0.8677813   -0.8574318   -0.8470709   -0.8366986   -0.8263151   -0.8159204   -0.8055146   -0.7950976   -0.7846696   -0.7742306   -0.7637806   -0.7533198   -0.7428481   -0.7323656   -0.7218725   -0.7113686   -0.7008541   -0.6903291   -0.6797935   -0.6692475   -0.6586911   -0.6481242   -0.6375471   -0.6269597   -0.6163621   -0.6057544   -0.5951365   -0.5845085   -0.5738706   -0.5632227   -0.5525648   -0.5418971   -0.5312196   -0.5205323   -0.5098353   -0.4991286   -0.4884123   -0.4776864   -0.4669509    -0.456206   -0.4454516   -0.4346879   -0.4239148   -0.4131324   -0.4023407   -0.3915398   -0.3807298   -0.3699106   -0.3590824   -0.3482452   -0.3373989   -0.3265437   -0.3156796   -0.3048067   -0.2939249   -0.2830344   -0.2721352   -0.2612273   -0.2503107   -0.2393855   -0.2284518   -0.2175096   -0.2065589   -0.1955998   -0.1846323   -0.1736564   -0.1626723   -0.1516799   -0.1406792   -0.1296704   -0.1186534   -0.1076284  -0.09659524  -0.08555409  -0.07450496  -0.06344789  -0.05238291  -0.04131007  -0.03022941  -0.01914095 -0.008044751  0.003059162   0.01417075   0.02528997   0.03641679   0.04755116   0.05869306   0.06984245   0.08099928   0.09216352    0.1033351    0.1145141    0.1257004    0.1368939    0.1480946    0.1593026    0.1705177    0.1817399    0.1929693    0.2042056     0.215449    0.2266994    0.2379567     0.249221    0.2604921    0.2717701    0.2830549    0.2943464    0.3056447    0.3169498    0.3282615    0.3395798    0.3509048    0.3622363    0.3735744     0.384919    0.3962701    0.4076276    0.4189916     0.430362    0.4417387    0.4531217     0.464511    0.4759066    0.4873085    0.4987165    0.5101307     0.521551    0.5329774      0.54441    0.5558485    0.5672931    0.5787437    0.5902002    0.6016627    0.6131311    0.6246053    0.6360854    0.6475713     0.659063    0.6705604    0.6820636    0.6935725     0.705087    0.7166072     0.728133    0.7396644    0.7512013    0.7627438    0.7742918    0.7858453    0.7974042    0.8089685    0.8205382    0.8321133    0.8436938    0.8552795    0.8668706    0.8784669    0.8900685    0.9016752    0.9132872    0.9249043    0.9365265    0.9481539    0.9597863    0.9714238    0.9830664    0.9947139     1.006366     1.018024     1.029686     1.041354     1.053026     1.064703     1.076385     1.088072     1.099763      1.11146     1.123161     1.134866     1.146577     1.158292     1.170012     1.181736     1.193465     1.205199     1.216937     1.228679     1.240427     1.252178     1.263934     1.275695      1.28746      1.29923     1.311003     1.322782     1.334564     1.346351     1.358142     1.369937     1.381737     1.393541     1.405349     1.417161     1.428978     1.440798     1.452623     1.464452     1.476285     1.488122     1.499963     1.511808     1.523657      1.53551     1.547367     1.559228     1.571092     1.582961     1.594834      1.60671     1.618591     1.630475     1.642363     1.654255      1.66615      1.67805     1.689953      1.70186      1.71377     1.725684     1.737602     1.749523     1.761449     1.773377      1.78531     1.797245     1.809185     1.821128     1.833074     1.845024     1.856978     1.868935     1.880895     1.892859     1.904826     1.916797     1.928771     1.940748     1.952729     1.964713       1.9767     1.988691     2.000685     2.012682     2.024683     2.036686     2.048693     2.060703     2.072717     2.084733     2.096753     2.108776     2.120802     2.132831     2.144863     2.156898     2.168936     2.180977     2.193022     2.205069     2.217119     2.229173     2.241229     2.253288      2.26535     2.277415     2.289483     2.301554     2.313628     2.325705     2.337784     2.349867     2.361952      2.37404     2.386131     2.398224     2.410321      2.42242     2.434522     2.446626     2.458734     2.470844     2.482956     2.495072      2.50719     2.519311     2.531434      2.54356     2.555688      2.56782     2.579953      2.59209     2.604229      2.61637     2.628514     2.640661      2.65281     2.664961     2.677115     2.689271      2.70143     2.713592     2.725755     2.737922      2.75009     2.762261     2.774435     2.786611     2.798789     2.810969     2.823152     2.835337     2.847525     2.859714     2.871907     2.884101     2.896298     2.908496     2.920698     2.932901     2.945107     2.957314     2.969524     2.981737     2.993951     3.006168     3.018386     3.030607      3.04283     3.055055     3.067283     3.079512     3.091743     3.103977     3.116213      3.12845      3.14069     3.152932     3.165176     3.177422     3.189669     3.201919     3.214171     3.226425     3.238681     3.250939     3.263198      3.27546     3.287724     3.299989     3.312257     3.324526     3.336797     3.349071     3.361346     3.373623     3.385901     3.398182     3.410464     3.422749     3.435035     3.447323     3.459613     3.471904     3.484197     3.496492     3.508789     3.521088     3.533388
    46.01663     45.77685     45.53769     45.29915     45.06124     44.82394     44.58727      44.3512     44.11575      43.8809     43.64665     43.41301     43.17997     42.94752     42.71566      42.4844     42.25372     42.02363     41.79412     41.56518     41.33683     41.10904     40.88183     40.65519     40.42911     40.20359     39.97863     39.75423     39.53039      39.3071     39.08435     38.86216     38.64051      38.4194     38.19883     37.97879     37.75929     37.54033     37.32189     37.10398     36.88659     36.66972     36.45338     36.23755     36.02223     35.80743     35.59314     35.37936     35.16608      34.9533     34.74102     34.52925     34.31796     34.10718     33.89688     33.68707     33.47775     33.26892     33.06056     32.85269      32.6453     32.43838     32.23193     32.02596     31.82045     31.61542     31.41085     31.20674     31.00309      30.7999     30.59717      30.3949     30.19307      29.9917     29.79078      29.5903     29.39027     29.19068     28.99153     28.79283     28.59455     28.39672     28.19931     28.00234      27.8058     27.60969       27.414     27.21873     27.02389     26.82947     26.63546     26.44187      26.2487     26.05594     25.86359     25.67165     25.48012       25.289     25.09827     24.90796     24.71804     24.52852      24.3394     24.15067     23.96234     23.77441     23.58686      23.3997     23.21293     23.02655     22.84055     22.65493      22.4697     22.28484     22.10036     21.91626     21.73254     21.54919     21.36621      21.1836     21.00136     20.81949     20.63799     20.45685     20.27607     20.09566     19.91561     19.73591     19.55658      19.3776     19.19897      19.0207     18.84278     18.66522       18.488     18.31113     18.13461     17.95844     17.78261     17.60712     17.43197     17.25717      17.0827     16.90858     16.73479     16.56134     16.38822     16.21543     16.04298     15.87086     15.69907      15.5276     15.35647     15.18566     15.01518     14.84502     14.67519     14.50568     14.33649     14.16761     13.99906     13.83083     13.66291     13.49531     13.32803     13.16106      12.9944     12.82805     12.66201     12.49629     12.33087     12.16576     12.00096     11.83647     11.67228      11.5084     11.34482     11.18154     11.01856     10.85589     10.69351     10.53144     10.36966     10.20818       10.047      9.88611     9.725519     9.565222      9.40522      9.24551     9.086092     8.926967     8.768131     8.609586     8.451331     8.293364     8.135685     7.978293     7.821188     7.664369     7.507835     7.351586     7.195621     7.039939      6.88454     6.729424     6.574589     6.420035     6.265762     6.111768     5.958055     5.804619     5.651463     5.498584     5.345982     5.193657     5.041609     4.889836     4.738339     4.587117     4.436169     4.285495     4.135095     3.984968     3.835114     3.685532     3.536222     3.387184     3.238417      3.08992     2.941695     2.793739     2.646054     2.498638     2.351491     2.204614     2.058004     1.911664     1.765591     1.619786     1.474249      1.32898     1.183977     1.039241    0.8947725    0.7505701     0.606634    0.4629641    0.3195602    0.1764221   0.03354975   -0.1090571   -0.2513985   -0.3934746   -0.5352855   -0.6768313    -0.818112   -0.9591279    -1.099879    -1.240365    -1.380586    -1.520543    -1.660235    -1.799662    -1.938824    -2.077722    -2.216355    -2.354724    -2.492827    -2.630666     -2.76824    -2.905549    -3.042593    -3.179371    -3.315885    -3.452133    -3.588116    -3.723833    -3.859285    -3.994471     -4.12939    -4.264044    -4.398431    -4.532552    -4.666405    -4.799992    -4.933312    -5.066364    -5.199149    -5.331666    -5.463914    -5.595894    -5.727605    -5.859048    -5.990221    -6.121124    -6.251757     -6.38212    -6.512212    -6.642033    -6.771583    -6.900861    -7.029867      -7.1586     -7.28706    -7.415247     -7.54316    -7.670798    -7.798162     -7.92525    -8.052063      -8.1786    -8.304859    -8.430842    -8.556546    -8.681973     -8.80712    -8.931988    -9.056576    -9.180884     -9.30491    -9.428654    -9.552116    -9.675295     -9.79819    -9.920801    -10.04313    -10.16517    -10.28692    -10.40839    -10.52957    -10.65046    -10.77106    -10.89137    -11.01139    -11.13112    -11.25055     -11.3697    -11.48855     -11.6071    -11.72536    -11.84332    -11.96098    -12.07835    -12.19542    -12.31218    -12.42865    -12.54481    -12.66068    -12.77623    -12.89149    -13.00643    -13.12107     -13.2354    -13.34943    -13.46314    -13.57654    -13.68963    -13.80241    -13.91487    -14.02702    -14.13885    -14.25036    -14.36156    -14.47243    -14.58299    -14.69322    -14.80312    -14.91271    -15.02196    -15.13089    -15.23949    -15.34776     -15.4557    -15.56331    -15.67058    -15.77752    -15.88412    -15.99038     -16.0963    -16.20189    -16.30712    -16.41202    -16.51657    -16.62077    -16.72463    -16.82813    -16.93129    -17.03409    -17.13653    -17.23862    -17.34036    -17.44173    -17.54274    -17.64339    -17.74367    -17.84359    -17.94314    -18.04232    -18.14113    -18.23957    -18.33763    -18.43531    -18.53262    -18.62954    -18.72609    -18.82224    -18.91802     -19.0134     -19.1084      -19.203    -19.29721    -19.39102    -19.48443    -19.57745    -19.67006    -19.76226    -19.85407    -19.94546    -20.03644    -20.12701    -20.21717     -20.3069    -20.39622    -20.48512    -20.57359    -20.66164    -20.74926    -20.83644     -20.9232    -21.00952     -21.0954    -21.18084    -21.26584    -21.35039     -21.4345    -21.51815    -21.60136    -21.68411     -21.7664    -21.84823     -21.9296     -22.0105    -22.09094     -22.1709     -22.2504    -22.32941    -22.40795    -22.48601    -22.56358    -22.64067    -22.71727    -22.79337    -22.86899     -22.9441    -23.01871    -23.09282    -23.16643    -23.23952     -23.3121    -23.38417    -23.45572    -23.52675    -23.59726    -23.66724    -23.73669    -23.80561    -23.87399    -23.94183    -24.00913    -24.07589     -24.1421    -24.20776    -24.27286    -24.33741     -24.4014    -24.46482    -24.52768    -24.58996    -24.65168    -24.71281    -24.77337    -24.83335    -24.89274    -24.95154    -25.00974    -25.06736    -25.12437    -25.18078    -25.23659    -25.29178    -25.34637    -25.40034    -25.45369    -25.50641    -25.55852    -25.60999    -25.66083    -25.71103     -25.7606    -25.80952     -25.8578    -25.90543    -25.95241    -25.99873    -26.04439    -26.08938    -26.13371    -26.17737    -26.22036    -26.26267    -26.30431    -26.34525    -26.38551    -26.42508    -26.46396    -26.50214    -26.53962     -26.5764    -26.61247    -26.64782    -26.68247    -26.71639     -26.7496    -26.78208    -26.81383    -26.84485    -26.87514    -26.90469     -26.9335    -26.96156    -26.98888    -27.01545    -27.04126    -27.06631     -27.0906    -27.11413    -27.13689    -27.15888     -27.1801    -27.20054     -27.2202    -27.23908    -27.25717    -27.27446    -27.29097    -27.30668    -27.32159    -27.33571    -27.34901    -27.36151    -27.37319    -27.38407    -27.39412    -27.40336    -27.41177    -27.41936    -27.42612    -27.43204    -27.43714     -27.4414    -27.44481    -27.44739    -27.44912    -27.45001    -27.45004    -27.44923    -27.44755    -27.44502    -27.44163    -27.43738    -27.43227    -27.42629    -27.41944    -27.41171    -27.40312    -27.39365     -27.3833    -27.37207    -27.35996    -27.34696    -27.33309    -27.31832    -27.30266    -27.28611    -27.26867    -27.25034    -27.23111    -27.21098    -27.18995    -27.16802    -27.14519    -27.12146    -27.09682    -27.07127    -27.04482    -27.01746    -26.98919    -26.96001    -26.92991    -26.89891    -26.86699    -26.83416    -26.80041    -26.76574    -26.73016    -26.69367    -26.65625    -26.61792    -26.57867     -26.5385    -26.49741    -26.45541    -26.41248    -26.36864    -26.32387    -26.27819    -26.23159    -26.18407    -26.13563    -26.08628    -26.03601    -25.98482    -25.93271    -25.87969    -25.82575     -25.7709    -25.71514    -25.65846    -25.60087    -25.54237    -25.48297    -25.42265    -25.36143     -25.2993    -25.23627    -25.17234    -25.10751    -25.04177    -24.97514    -24.90762     -24.8392    -24.76989    -24.69969     -24.6286    -24.55663    -24.48378    -24.41004    -24.33543    -24.25994    -24.18358    -24.10635    -24.02825    -23.94928    -23.86946    -23.78877    -23.70723    -23.62484     -23.5416    -23.45751    -23.37257     -23.2868    -23.20019    -23.11275    -23.02448    -22.93539    -22.84547    -22.75474    -22.66319    -22.57084    -22.47767    -22.38371    -22.28895    -22.19339    -22.09705    -21.99992    -21.90202    -21.80334    -21.70388    -21.60367    -21.50269    -21.40095    -21.29847    -21.19524    -21.09126    -20.98655    -20.88111    -20.77494    -20.66806    -20.56046    -20.45214    -20.34313    -20.23341      -20.123    -20.01191    -19.90013    -19.78768    -19.67455    -19.56077    -19.44632    -19.33122    -19.21548    -19.09909    -18.98207    -18.86443    -18.74616    -18.62727    -18.50778    -18.38768    -18.26699    -18.14571    -18.02385     -17.9014    -17.77839    -17.65482    -17.53069    -17.40601    -17.28078    -17.15502    -17.02873    -16.90192    -16.77459    -16.64676    -16.51842    -16.38959    -16.26027    -16.13046    -16.00019    -15.86945    -15.73825     -15.6066    -15.47451    -15.34197    -15.20901    -15.07563    -14.94183    -14.80762    -14.67301    -14.53801    -14.40262    -14.26685    -14.13072    -13.99422    -13.85736    -13.72016    -13.58261    -13.44473    -13.30652      -13.168    -13.02917    -12.89003    -12.75059    -12.61087    -12.47087    -12.33059    -12.19005    -12.04925     -11.9082    -11.76691    -11.62538    -11.48362    -11.34164    -11.19945    -11.05706    -10.91447    -10.77169    -10.62872    -10.48558    -10.34227    -10.19881    -10.05519    -9.911422     -9.76752    -9.623487    -9.479332    -9.335062    -9.190684    -9.046205    -8.901634    -8.756976     -8.61224    -8.467433    -8.322563    -8.177636    -8.032659     -7.88764    -7.742587    -7.597506    -7.452404    -7.307289    -7.162168    -7.017047    -6.871934    -6.726836     -6.58176    -6.436713    -6.291701    -6.146732    -6.001812    -5.856949    -5.712149    -5.567418    -5.422765    -5.278194    -5.133714     -4.98933    -4.845049    -4.700878    -4.556823    -4.412891    -4.269089    -4.125421    -3.981896    -3.838519    -3.695297    -3.552236    -3.409341     -3.26662    -3.124078    -2.981722    -2.839557     -2.69759    -2.555826    -2.414271    -2.272932    -2.131814    -1.990923    -1.850264    -1.709844    -1.569668    -1.429741     -1.29007    -1.150659    -1.011515   -0.8726416   -0.7340458   -0.5957323   -0.4577064   -0.3199735   -0.1825387  -0.04540711   0.09141606    0.2279258    0.3641171    0.4999849    0.6355244    0.7707306    0.9055988     1.040124     1.174302     1.308127     1.441596     1.574703     1.707444     1.839814      1.97181     2.103426     2.234658     2.365503     2.495955      2.62601     2.755665     2.884915     3.013756     3.142184     3.270196     3.397786     3.524952      3.65169     3.777995     3.903864     4.029294      4.15428      4.27882     4.402908     4.526543     4.649721     4.772437      4.89469     5.016475     5.137789     5.258629     5.378992     5.498875     5.618274     5.737187      5.85561     5.973542     6.090977     6.207915     6.324352     6.440285     6.555712     6.670629     6.785035     6.898926     7.012301     7.125156     7.237489     7.349298      7.46058     7.571333     7.681555     7.791244     7.900396     8.009011     8.117086     8.224618     8.331606     8.438048     8.543942     8.649286     8.754078     8.858316     8.961998     9.065123     9.167689     9.269694     9.371137     9.472015     9.572328     9.672074     9.771251     9.869858     9.967893     10.06536     10.16224     10.25856     10.35429     10.44945     10.54403     10.63802     10.73144     10.82427     10.91652     11.00819     11.09926     11.18976     11.27966     11.36897      11.4577     11.54583     11.63338     11.72033     11.80669     11.89245     11.97762      12.0622     12.14618     12.22957     12.31235     12.39455     12.47614     12.55714     12.63753     12.71733     12.79653     12.87513     12.95313     13.03053     13.10732     13.18352     13.25912     13.33411      13.4085      13.4823     13.55549     13.62807     13.70006     13.77145     13.84223     13.91241     13.98199     14.05096     14.11934     14.18711     14.25428     14.32085     14.38682     14.45219     14.51696     14.58112     14.64469     14.70765     14.77002     14.83179     14.89295     14.95352     15.01349     15.07286     15.13164     15.18982      15.2474     15.30438     15.36077     15.41656     15.47176     15.52636     15.58037     15.63379     15.68662     15.73885     15.79049     15.84154     15.89201     15.94188     15.99116     16.03986     16.08797     16.13549     16.18243     16.22878     16.27455     16.31973     16.36434     16.40836      16.4518     16.49466     16.53694     16.57865     16.61977     16.66032      16.7003      16.7397     16.77853     16.81678     16.85447     16.89158     16.92812      16.9641      16.9995     17.03435     17.06862     17.10233     17.13548     17.16807     17.20009     17.23155     17.26246     17.29281      17.3226     17.35183     17.38051     17.40864     17.43621     17.46324     17.48971     17.51564     17.54102     17.56585     17.59014     17.61388     17.63708     17.65974     17.68186     17.70344     17.72448     17.74498     17.76495     17.78439      17.8033     17.82167     17.83951     17.85683     17.87361     17.88987     17.90561     17.92082     17.93551     17.94968     17.96333     17.97646     17.98908     18.00118     18.01276     18.02383      18.0344     18.04445     18.05399     18.06302     18.07155     18.07958      18.0871     18.09412     18.10064     18.10666     18.11218     18.11721     18.12174     18.12578     18.12933     18.13238     18.13495     18.13703     18.13862     18.13973     18.14035      18.1405     18.14016     18.13934     18.13805     18.13628     18.13403     18.13131     18.12812     18.12446     18.12033     18.11573     18.11066     18.10513     18.09914     18.09269     18.08577      18.0784     18.07057     18.06228     18.05354     18.04435      18.0347      18.0246     18.01406     18.00306     17.99163     17.97974     17.96742     17.95465     17.94144      17.9278     17.91371     17.89919     17.88424     17.86886     17.85304     17.83679     17.82012     17.80301     17.78549     17.76754     17.74916     17.73037     17.71115     17.69152     17.67147       17.651     17.63012     17.60883     17.58713     17.56501     17.54249     17.51957     17.49623      17.4725     17.44836     17.42382     17.39888     17.37354     17.34781     17.32168     17.29515     17.26824     17.24093     17.21323     17.18515     17.15668     17.12782     17.09858     17.06895     17.03895     17.00857      16.9778     16.94666     16.91515     16.88326       16.851     16.81836     16.78536     16.75199     16.71825     16.68414     16.64967     16.61484     16.57964     16.54409     16.50818      16.4719     16.43528     16.39829     16.36096     16.32327     16.28523     16.24684      16.2081     16.16902     16.12959     16.08982      16.0497     16.00924     15.96844     15.92731     15.88583     15.84402
