$\vec{x}_{0}(t,u)$  &
35 &
37.73324 &
40.67114 &
43.81389 &
47.15587 &
50.68296 &
54.36886 &
58.16988 &
62.01805 &
65.81214 &
69.40673 &
$\vec{x}_{0}(t,u)$  &
4 &
4.012092 &
4.083992 &
4.223432 &
4.441914 &
4.755922 &
5.188602 &
5.772052 &
6.550325 &
7.583116 &
8.949686 &
	  &
0.48 &
0.026 &
0.93 &
$\vec{x}_{-11111}(t,u)$  &
33.69531 &
37.31055 &
40.92773 &
44.54297 &
48.16016 &
51.77539 &
55.39258 &
59.00781 &
62.62305 &
66.24023 &
69.85547 &
$\vec{x}_{-11111}(t,u)$  &
3.123047 &
3.666016 &
4.208984 &
4.755859 &
5.298828 &
5.841797 &
6.384766 &
6.927734 &
7.474609 &
8.017578 &
8.560547 &
	  &
0.48 &
0.026 &
0.93 &
    1.304688     1.280707     1.254898     1.231168     1.207564     1.184086     1.158781     1.135555     1.112455     1.087528     1.064681      1.04196     1.019365    0.9949437    0.9726021     0.950387    0.9263456    0.9043841    0.8825495    0.8608417    0.8373079    0.8158542    0.7945277    0.7713752    0.7503031    0.7293583    0.7085408    0.6858977    0.6653352    0.6449002    0.6226397      0.60246     0.582408    0.5624838    0.5407342    0.5210656    0.5015249    0.4801591    0.4608743    0.4417176     0.422689    0.4018353     0.383063    0.3644188    0.3439497    0.3255621    0.3073027    0.2891716    0.2692158    0.2513415    0.2335955    0.2140249    0.1965359    0.1791753    0.1619433    0.1428866    0.1259116    0.1090651   0.09039403   0.07380468    0.0573439    0.0410117   0.02285496  0.006779948 -0.009166475  -0.02693743  -0.04262667  -0.05818731  -0.07361938    -0.090876   -0.1060509   -0.1210973   -0.1379683   -0.1527576   -0.1674184   -0.1819507   -0.1983077   -0.2125831   -0.2267301   -0.2427018   -0.2565921    -0.270354   -0.2839877   -0.2994462   -0.3128234   -0.3260724   -0.3411464   -0.3541392    -0.367004   -0.3797408   -0.3943028   -0.4067838    -0.419137   -0.4333155   -0.4454133   -0.4573834   -0.4692259   -0.4828942   -0.4944818   -0.5059422   -0.5192284   -0.5304343   -0.5415131   -0.5524649   -0.5652429    -0.575941   -0.5865123   -0.5989102   -0.6092284   -0.6194201   -0.6294856   -0.6413779   -0.6511911   -0.6608782   -0.6723926   -0.6818282   -0.6911381   -0.7003225   -0.7113347   -0.7202686   -0.7290773   -0.7397143   -0.7482733   -0.7567076   -0.7650174    -0.775156   -0.7832173   -0.7911545    -0.800921   -0.8086107   -0.8161768   -0.8236195   -0.8328922   -0.8400888   -0.8471625   -0.8560667   -0.8628954   -0.8696018   -0.8761862   -0.8846018   -0.8909427   -0.8971622   -0.9052136   -0.9111909   -0.9170474   -0.9227834   -0.9303522   -0.9358478   -0.9412235   -0.9484328   -0.9535697   -0.9585874   -0.9634863   -0.9702198   -0.9748818   -0.9794258   -0.9858051   -0.9901138   -0.9943054     -0.99838    -1.004291    -1.008133    -1.011858    -1.017421    -1.020916    -1.024295     -1.02756    -1.032663    -1.035699    -1.038622    -1.043383    -1.046079    -1.048662    -1.051133    -1.055444    -1.057691    -1.059827    -1.063805    -1.065719    -1.067523    -1.069217    -1.072755    -1.074231    -1.075598    -1.078811    -1.079962    -1.081006    -1.081944    -1.084728    -1.085453    -1.086072     -1.08854     -1.08895    -1.089256    -1.089458     -1.09151    -1.091506      -1.0914    -1.093146    -1.092837    -1.092427    -1.091918    -1.093262    -1.092553    -1.091747    -1.092795    -1.091793    -1.090693    -1.089498     -1.09016    -1.088774    -1.087293    -1.087671    -1.086003    -1.084242    -1.082389    -1.082397    -1.080362    -1.078236    -1.077974     -1.07567    -1.073277    -1.070797    -1.070183     -1.06753    -1.064791    -1.063921    -1.061013    -1.058023    -1.054949    -1.053747     -1.05051    -1.047193    -1.045749    -1.042274     -1.03872    -1.035089    -1.033335    -1.029552    -1.025694    -1.023715     -1.01971    -1.015632    -1.011483    -1.009217    -1.004927    -1.000569   -0.9980958   -0.9936025   -0.9890429   -0.9844182   -0.9816823   -0.9769299    -0.972115   -0.9691919   -0.9642552    -0.959259   -0.9542043   -0.9510452   -0.9458766   -0.9406525   -0.9373272   -0.9319954   -0.9266113    -0.921176   -0.9176437   -0.9121092   -0.9065268   -0.9028507   -0.8971758   -0.8914564   -0.8856936   -0.8818417   -0.8759956   -0.8701097   -0.8661382   -0.8601762    -0.854178   -0.8481447   -0.8440309   -0.8379315   -0.8318009   -0.8275935   -0.8214044   -0.8151881   -0.8089457   -0.8046319   -0.7983417   -0.7920296   -0.7876502   -0.7812985   -0.7749291   -0.7685434    -0.764096   -0.7576821   -0.7512562   -0.7467731   -0.7403279   -0.7338752   -0.7274166   -0.7229067   -0.7164409   -0.7099738   -0.7054602   -0.6989954   -0.6925341    -0.686078   -0.6815818   -0.6751409   -0.6687102   -0.6642444    -0.657839   -0.6514489   -0.6450758   -0.6406746   -0.6343408   -0.6280293   -0.6236951   -0.6174336      -0.6112    -0.604996   -0.6007766   -0.5946375   -0.5885336   -0.5844202   -0.5783928   -0.5724065   -0.5664634   -0.5625184   -0.5566675   -0.5508657   -0.5470682   -0.5413709   -0.5357289   -0.5301444   -0.5265726   -0.5211094   -0.5157101     -0.51233    -0.507065   -0.5018705   -0.4967487   -0.4936551   -0.4886856   -0.4837956   -0.4809407   -0.4762168   -0.4715795   -0.4670312   -0.4645273   -0.4601641   -0.4558971   -0.4536818   -0.4496146   -0.4456511   -0.4417937   -0.4399982   -0.4363609   -0.4328374   -0.4313835   -0.4280956   -0.4249295   -0.4218878   -0.4209264   -0.4181418   -0.4154897   -0.4149261   -0.4125475   -0.4103099   -0.4082161    -0.408222   -0.4064243    -0.404779   -0.4052423   -0.4039106   -0.4027402   -0.4017341   -0.4028484   -0.4021798   -0.4016846    -0.403319   -0.4031799   -0.4032234   -0.4034528   -0.4058244   -0.4064352   -0.4072414   -0.4101995   -0.4114065   -0.4128189   -0.4144399   -0.4182261   -0.4202746   -0.4225419   -0.4269846   -0.4296999   -0.4326443   -0.4358215   -0.4411881   -0.4448413   -0.4487379
   0.8769531    0.8648515     0.848878     0.836845    0.8209403    0.8089762    0.7931405    0.7812456    0.7654792    0.7536537    0.7379567    0.7262009    0.7105737    0.6988877    0.6833306    0.6717148    0.6562279    0.6446826    0.6292663    0.6177917    0.6024463    0.5910427    0.5757684    0.5644361    0.5492333    0.5379726    0.5267479    0.5116529    0.5005002    0.4854774    0.4743972     0.459447    0.4484395    0.4335622    0.4226278    0.4078238    0.3969629    0.3822325    0.3714454     0.356789     0.346076     0.331494    0.3208556    0.3063484    0.2957849    0.2813528    0.2708646    0.2565081    0.2460957    0.2318151    0.2214788    0.2111808    0.1970149    0.1867937    0.1727049    0.1625609    0.1485495    0.1384833    0.1245498    0.1145617    0.1007066   0.09079709   0.07702084   0.06719045   0.05349355   0.04374275   0.03012568   0.02045497  0.006918242 -0.002671872  -0.01612774  -0.02563674  -0.03901122  -0.04843857  -0.06173113  -0.07107628  -0.08038013  -0.09354878   -0.1027696   -0.1158549   -0.1249922   -0.1379936   -0.1470466   -0.1599636   -0.1689319   -0.1817638   -0.1906466   -0.2033928   -0.2121897   -0.2248496   -0.2335598   -0.2461328   -0.2547557   -0.2672411   -0.2757761   -0.2881732   -0.2966197   -0.3089278    -0.317285   -0.3295035   -0.3377707   -0.3459927   -0.3580754   -0.3662063   -0.3781977   -0.3862369   -0.3981361   -0.4060828   -0.4178892   -0.4257426   -0.4374553   -0.4452147   -0.4568331   -0.4644976   -0.4760208   -0.4835898   -0.4950169   -0.5024894   -0.5138198   -0.5211951   -0.5324277    -0.539705   -0.5508391   -0.5580174   -0.5690522   -0.5761307    -0.583159   -0.5940431   -0.6009702   -0.6117527   -0.6185777   -0.6292577   -0.6359798   -0.6465563   -0.6531744   -0.6636465   -0.6701598   -0.6805265   -0.6869339   -0.6971942   -0.7034948   -0.7136478   -0.7198404    -0.729885   -0.7359688   -0.7459039   -0.7518777   -0.7617024   -0.7675652   -0.7772783    -0.783029   -0.7887232   -0.7982669   -0.8038473   -0.8132767   -0.8187422   -0.8280561   -0.8334056   -0.8426029   -0.8478351   -0.8569145   -0.8620284   -0.8709888   -0.8759829   -0.8848231   -0.8896964   -0.8984151   -0.9031663   -0.9117622     -0.91639   -0.9248618   -0.9293649   -0.9377114   -0.9420885   -0.9503083    -0.954558   -0.9587436   -0.9667708   -0.9708269    -0.978724   -0.9826493    -0.990415    -0.994208    -1.001841      -1.0055    -1.012998    -1.016522    -1.023885    -1.027272    -1.034497    -1.037747    -1.044833    -1.047942    -1.054888    -1.057856     -1.06466    -1.067485    -1.074145    -1.076826     -1.08334    -1.085875    -1.088336    -1.094629    -1.096942    -1.103085    -1.105247     -1.11124     -1.11325    -1.119089    -1.120945    -1.126629     -1.12833    -1.133858      -1.1354    -1.140769    -1.142153    -1.147362    -1.148583     -1.15363    -1.154689    -1.159571    -1.160464    -1.165181    -1.165907    -1.170455    -1.171011    -1.171483    -1.175775    -1.176074    -1.180192    -1.180317     -1.18426    -1.184208    -1.187973    -1.187743    -1.191328    -1.190916     -1.19432    -1.193725    -1.196944    -1.196163    -1.199196    -1.198228    -1.201071    -1.199913    -1.202565    -1.201214    -1.203672    -1.202126    -1.204388    -1.202645    -1.200802    -1.202765     -1.20072    -1.202481    -1.200233    -1.201788    -1.199334    -1.200681    -1.198018    -1.199155     -1.19628    -1.197204    -1.194114    -1.194822    -1.191515    -1.192005    -1.188478    -1.188746    -1.184996    -1.185039    -1.181063     -1.18088    -1.176675    -1.176261    -1.171824     -1.16727    -1.166505    -1.161715    -1.160712    -1.155682    -1.154438    -1.149166    -1.147677    -1.142159    -1.140423    -1.134655    -1.132668    -1.126648    -1.124407    -1.118131    -1.115633    -1.109097    -1.106338     -1.09954    -1.096516    -1.089451    -1.086159    -1.078825    -1.075261    -1.067654    -1.059908     -1.05593    -1.047905    -1.043646    -1.035338    -1.030794      -1.0222    -1.017367    -1.008483    -1.003358   -0.9941788   -0.9887573   -0.9792798   -0.9735578   -0.9637778   -0.9577513   -0.9476647   -0.9413294    -0.930932   -0.9242839   -0.9135715   -0.9066062   -0.8955744   -0.8882876   -0.8769321   -0.8654132   -0.8576359   -0.8457866   -0.8376767   -0.8254925   -0.8170455   -0.8045219    -0.795733   -0.7828653   -0.7737301   -0.7605136   -0.7510271   -0.7374571   -0.7276146   -0.7136861   -0.7034828   -0.6891909   -0.6786218   -0.6639616   -0.6530217   -0.6379882   -0.6266723   -0.6112603   -0.5956571   -0.5837677   -0.5677782   -0.5554998   -0.5391188   -0.5264462   -0.5096682    -0.496596   -0.4794157   -0.4659383   -0.4483501   -0.4344621   -0.4164605   -0.4021563   -0.3837355   -0.3690094   -0.3501638     -0.33501   -0.3157339   -0.3001465    -0.280434   -0.2644072   -0.2442522   -0.2277801   -0.2071767   -0.1863469   -0.1691953   -0.1479079   -0.1302957   -0.1085446  -0.09046554  -0.06824442  -0.04969219  -0.02699473 -0.007962948   0.01521727   0.03473504   0.05840449   0.07841477      0.10258    0.1230894    0.1477571    0.1687723    0.1939491    0.2154768    0.2411696    0.2632166    0.2894321    0.3120054    0.3387506    0.3657633    0.3891389
22.35626
