$\vec{x}_{0}(t,u)$  &
35 &
37.73324 &
40.67114 &
43.81389 &
47.15587 &
50.68296 &
54.36886 &
58.16988 &
62.01805 &
65.81214 &
69.40673 &
$\vec{x}_{0}(t,u)$  &
4 &
4.012092 &
4.083992 &
4.223432 &
4.441914 &
4.755922 &
5.188602 &
5.772052 &
6.550325 &
7.583116 &
8.949686 &
	  &
0.48 &
0.026 &
0.93 &
$\vec{x}_{-11111}(t,u)$  &
33.62756 &
37.1637 &
40.70007 &
44.23621 &
47.77258 &
51.30872 &
54.84509 &
58.38123 &
61.9176 &
65.45374 &
68.99011 &
$\vec{x}_{-11111}(t,u)$  &
3.049133 &
3.513062 &
3.97699 &
4.440918 &
4.904846 &
5.368774 &
5.832703 &
6.296631 &
6.760559 &
7.224487 &
7.688416 &
	  &
0.48 &
0.026 &
0.93 &
    1.372437      1.34992      1.32753     1.305265     1.283126     1.260869     1.238981      1.21722     1.195585     1.174076     1.152694     1.131437     1.110307     1.089304     1.068183     1.047433     1.026809     1.006313     0.985943    0.9657001    0.9455843    0.9255954    0.9057337    0.8857551    0.8661478    0.8466678    0.8273152    0.8080901    0.7889924    0.7700223    0.7511798    0.7324649    0.7136336    0.6951742    0.6768426    0.6586389     0.640563    0.6226151    0.6047952    0.5871034    0.5695396    0.5518598    0.5345522    0.5173729    0.5003218     0.483399    0.4666044    0.4499382    0.4334004    0.4169909    0.4004656     0.384313    0.3682888    0.3523931    0.3366259    0.3209872     0.305477    0.2900954    0.2748423    0.2594736    0.2444777    0.2296103    0.2148716    0.2002614    0.1857798    0.1714268    0.1572024    0.1431066    0.1288953    0.1150566    0.1013465   0.08776501   0.07431202   0.06098755   0.04779159   0.03472412   0.02154097  0.008730399 -0.003951756  -0.01650553  -0.02893094  -0.04122803  -0.05339683  -0.06543738  -0.07734972  -0.08937804   -0.1010341    -0.112562    -0.123962   -0.1352339    -0.146378   -0.1573941   -0.1682825    -0.179043   -0.1899201   -0.2004254   -0.2108031   -0.2210533   -0.2311762   -0.2411717   -0.2510399    -0.260781   -0.2703949    -0.280126   -0.2894861   -0.2987193   -0.3078258   -0.3168057    -0.325659    -0.334386   -0.3429866   -0.3514609   -0.3600534   -0.3682757   -0.3763721   -0.3843428   -0.3921879   -0.3999075   -0.4075017   -0.4149707   -0.4223146   -0.4297777   -0.4368719   -0.4438414   -0.4506864    -0.457407   -0.4640034   -0.4704758   -0.4768243   -0.4830491   -0.4893946   -0.4953725   -0.5012272   -0.5069589   -0.5125678    -0.518054   -0.5234179   -0.5286594    -0.533779   -0.5390208   -0.5438968   -0.5486515   -0.5532849   -0.5577973    -0.562189   -0.5664601    -0.570611   -0.5746417   -0.5787968   -0.5825881   -0.5862601    -0.589813    -0.593247   -0.5965625   -0.5997597   -0.6028389   -0.6058002   -0.6088883   -0.6116149   -0.6142247   -0.6167178   -0.6190947   -0.6213554   -0.6235005   -0.6255302   -0.6274447   -0.6294886    -0.631174   -0.6327452   -0.6342026   -0.6355466   -0.6367774   -0.6378956   -0.6389013    -0.639795   -0.6408212   -0.6414919   -0.6420517    -0.642501   -0.6428401   -0.6430695   -0.6431895   -0.6432006   -0.6431031   -0.6431417   -0.6428283   -0.6424077   -0.6418803   -0.6412465   -0.6405066   -0.6396613   -0.6387109    -0.637656    -0.636741   -0.6354783   -0.6341123   -0.6326438    -0.631073   -0.6294005   -0.6276269   -0.6257526   -0.6237781   -0.6219482   -0.6197751   -0.6175034   -0.6151337   -0.6126666   -0.6101026   -0.6074423   -0.6046863   -0.6020793   -0.5991335   -0.5960938   -0.5929607   -0.5897349   -0.5864169   -0.5830075   -0.5795072   -0.5759166   -0.5724806   -0.5687116   -0.5648543   -0.5609094   -0.5568776   -0.5527596   -0.5485561   -0.5442677   -0.5398953   -0.5356837   -0.5311452   -0.5265249   -0.5218234   -0.5170415     -0.51218   -0.5072396   -0.5022211   -0.4971253   -0.4921972   -0.4869493   -0.4816265   -0.4762296   -0.4707596   -0.4652172   -0.4596033   -0.4539188   -0.4481646   -0.4425856   -0.4366944   -0.4307362   -0.4247119   -0.4186223   -0.4124684   -0.4062511   -0.3999715   -0.3936304   -0.3874729   -0.3810119   -0.3744924   -0.3679153   -0.3612819    -0.354593   -0.3478496    -0.341053   -0.3342041    -0.327548   -0.3205978   -0.3135985   -0.3065512   -0.2994572   -0.2923174   -0.2851332   -0.2779055   -0.2706356   -0.2635689   -0.2562181   -0.2488287   -0.2414018   -0.2339387   -0.2264406   -0.2189088   -0.2113446   -0.2037491   -0.1963679    -0.188714   -0.1810328   -0.1733256   -0.1655938   -0.1578388   -0.1500619   -0.1422644   -0.1344479   -0.1268578   -0.1190073   -0.1111419   -0.1032631  -0.09537246  -0.08747133  -0.07956125  -0.07164373  -0.06372029  -0.05603661  -0.04810596  -0.04017404  -0.03224245  -0.02431278  -0.01638664  -0.00846566 -0.000551486  0.007354224   0.01500565   0.02288939   0.03075959   0.03861454   0.04645248   0.05427166   0.06207032   0.06984666   0.07759888   0.08508102   0.09277952    0.1004484    0.1080857    0.1156897    0.1232583    0.1307898     0.138282    0.1457331     0.152897    0.1602599    0.1675757    0.1748423    0.1820577    0.1892199    0.1963267    0.2033761    0.2103659    0.2170498    0.2239139     0.230712    0.2374418    0.2441012    0.2506878    0.2571994    0.2636338    0.2699886    0.2760174    0.2822061    0.2883082    0.2943214    0.3002432    0.3060713    0.3118031    0.3174363    0.3227242    0.3281526    0.3334748    0.3386883    0.3437905    0.3487788    0.3536507    0.3584034    0.3630343    0.3672967    0.3716761    0.3759256    0.3800425    0.3840241    0.3878675      0.39157    0.3951287    0.3985407    0.4015591    0.4046692     0.407624    0.4104204    0.4130557    0.4155266    0.4178303    0.4199637    0.4219238    0.4234632    0.4250672    0.4264885    0.4277239    0.4287703    0.4296244     0.430283    0.4307429    0.4310007    0.4308091    0.4306529    0.4302846     0.429701    0.4288985    0.4278738    0.4266234    0.4251438    0.4234314    0.4212387    0.4190503    0.4166186
   0.9508667    0.9388872    0.9269419    0.9150311    0.9031546    0.8913127    0.8795053    0.8677324    0.8559943    0.8442909    0.8326222    0.8209885    0.8093896    0.7978257    0.7862969    0.7748032    0.7633446    0.7519214    0.7405334    0.7291809    0.7178638    0.7065212    0.6952753     0.684065    0.6728906    0.6617519    0.6506492    0.6395826     0.628552    0.6175575    0.6065993    0.5956775     0.584792    0.5739431    0.5631308    0.5523551    0.5416162    0.5309142    0.5202491     0.509621    0.4990301    0.4884764    0.4779601    0.4674812    0.4570398     0.446636    0.4362699    0.4259417    0.4156513     0.405399    0.3951849     0.385009    0.3748714    0.3647723    0.3547117    0.3446898    0.3347068    0.3247626    0.3148574    0.3049914    0.2951646    0.2853772    0.2756292    0.2658599    0.2561913    0.2465626    0.2369738    0.2274252    0.2179168    0.2084487    0.1990212    0.1896343    0.1802881    0.1709828    0.1617186    0.1524955    0.1433137    0.1341734    0.1250746    0.1160176    0.1070025   0.09802935   0.08909838   0.08020973   0.07136355   0.06255997   0.05379917   0.04508129   0.03640649   0.02777492   0.01918675   0.01064213  0.002141228  -0.00631579  -0.01472876  -0.02309752   -0.0314219  -0.03970172  -0.04793682  -0.05612703  -0.06427216  -0.07237204   -0.0804265  -0.08843535  -0.09645945   -0.1043765   -0.1122475   -0.1200721   -0.1278501   -0.1355815   -0.1432659   -0.1509032   -0.1584932   -0.1660357   -0.1735305   -0.1809774   -0.1883763   -0.1957268   -0.2030287    -0.210282   -0.2174863   -0.2246415   -0.2317473   -0.2388036     -0.24581   -0.2527665   -0.2596727   -0.2665284   -0.2733335   -0.2800876   -0.2867906   -0.2934422   -0.3000423   -0.3065904   -0.3130865   -0.3195303   -0.3259215   -0.3322599   -0.3385452   -0.3447772   -0.3509557   -0.3570804    -0.363151   -0.3691672   -0.3751289   -0.3810358   -0.3869485   -0.3927449   -0.3984856   -0.4041704    -0.409799   -0.4153711   -0.4208865   -0.4263449   -0.4317459   -0.4370894    -0.442375   -0.4476024   -0.4527713   -0.4578815   -0.4629326   -0.4679244   -0.4728564   -0.4777286   -0.4825404   -0.4872916    -0.491982   -0.4966111   -0.5011787   -0.5056844   -0.5101279    -0.514509   -0.5188271   -0.5230822   -0.5272737   -0.5314013   -0.5354648   -0.5394637   -0.5433977   -0.5472665   -0.5510698    -0.554807    -0.558478   -0.5620824   -0.5656197   -0.5690896   -0.5724917   -0.5758868   -0.5791523   -0.5823489   -0.5854762   -0.5885338   -0.5915214   -0.5944386   -0.5972849     -0.60006   -0.6027634   -0.6053948   -0.6079537   -0.6104397   -0.6128525   -0.6151915   -0.6174565   -0.6196468   -0.6217622   -0.6238021   -0.6257662    -0.627654    -0.629465   -0.6311989   -0.6328551   -0.6344332   -0.6359327   -0.6373532   -0.6386943   -0.6399554    -0.641136   -0.6422357   -0.6432541   -0.6441906   -0.6450447   -0.6458159   -0.6465038   -0.6471078   -0.6476275   -0.6480623   -0.6484117   -0.6486751   -0.6488522   -0.6490033   -0.6490059   -0.6489205   -0.6487466   -0.6484835   -0.6481308   -0.6476878   -0.6471541   -0.6465291   -0.6458122   -0.6450028   -0.6441004   -0.6431044   -0.6420142   -0.6408292   -0.6395488   -0.6381725   -0.6366995   -0.6351294   -0.6334615   -0.6316951   -0.6298297   -0.6278647   -0.6257993    -0.623633   -0.6213651    -0.618995   -0.6165221   -0.6139456   -0.6112648   -0.6084793   -0.6055881   -0.6025908   -0.5994866   -0.5962747   -0.5929546   -0.5895255   -0.5859867   -0.5823375   -0.5785772   -0.5747051   -0.5707814   -0.5666834   -0.5624713   -0.5581445   -0.5537021   -0.5491434   -0.5444677   -0.5396741    -0.534762   -0.5297305   -0.5245788   -0.5193062   -0.5139118   -0.5083948   -0.5027545     -0.49699   -0.4911005   -0.4850852   -0.4789432   -0.4726737   -0.4662758   -0.4597488   -0.4530916   -0.4463035   -0.4393836    -0.432331   -0.4251448   -0.4178241    -0.410368   -0.4027757   -0.3950461   -0.3871785   -0.3791717    -0.371025   -0.3627374   -0.3543079   -0.3457355   -0.3370194   -0.3281585   -0.3191518   -0.3099984   -0.3006973   -0.2913085    -0.281709   -0.2719587   -0.2620566   -0.2520018   -0.2417931   -0.2314295   -0.2209101   -0.2102336   -0.1993991   -0.1884055   -0.1772517   -0.1659365    -0.154459    -0.142818   -0.1310123    -0.119041   -0.1069028  -0.09459652  -0.08212114  -0.06947547  -0.05665833  -0.04366856  -0.03050498  -0.01716641  -0.00365165    0.0100405   0.02391126   0.03796184   0.05219348   0.06660739   0.08120485   0.09598708    0.1109554     0.126111    0.1414552    0.1569892    0.1727145    0.1886322    0.2047438    0.2210505    0.2374925    0.2541934    0.2710935     0.288194    0.3054965    0.3230021    0.3407124    0.3586287    0.3767524    0.3950849    0.4136277    0.4323822    0.4513498     0.470532    0.4899302    0.5095459    0.5293805    0.5494356    0.5697126    0.5902131    0.6109385    0.6318904    0.6530703    0.6744798    0.6961203    0.7179935    0.7401009    0.7624441    0.7850246    0.8078441    0.8309042    0.8542065    0.8777526    0.9015441    0.9255827    0.9498701    0.9744078    0.9991975     1.024241      1.04954     1.075096     1.100911     1.126925     1.153263     1.179864     1.206732     1.233866      1.26127
14.53009
