$\vec{x}_{0}(t,u)$  &
35 &
37.73324 &
40.67114 &
43.81389 &
47.15587 &
50.68296 &
54.36886 &
58.16988 &
62.01805 &
65.81214 &
69.40673 &
$\vec{x}_{0}(t,u)$  &
4 &
4.012092 &
4.083992 &
4.223432 &
4.441914 &
4.755922 &
5.188602 &
5.772052 &
6.550325 &
7.583116 &
8.949686 &
	  &
0.48 &
0.026 &
0.93 &
$\vec{x}_{-11111}(t,u)$  &
33.63617 &
37.18243 &
40.72858 &
44.27484 &
47.82111 &
51.36725 &
54.91351 &
58.45978 &
62.00592 &
65.55219 &
69.09845 &
$\vec{x}_{-11111}(t,u)$  &
3.058105 &
3.532227 &
4.005859 &
4.47998 &
4.953613 &
5.427734 &
5.901367 &
6.375488 &
6.849121 &
7.323242 &
7.797363 &
	  &
0.48 &
0.026 &
0.93 &
    1.363831      1.34107     1.318314     1.295805     1.273421     1.251164     1.228911     1.206905     1.185026     1.163273     1.141524     1.120024      1.09865     1.077402     1.056159     1.035165     1.014297    0.9934344    0.9728205    0.9523334    0.9319734    0.9116184    0.8915125    0.8715339    0.8516825    0.8318363    0.8122396    0.7927703    0.7734285    0.7540921    0.7350055    0.7160464    0.6970931    0.6783895    0.6598138    0.6413659    0.6229238    0.6047318    0.5866678    0.5687318    0.5508018     0.533122    0.5155703    0.4981468    0.4807295    0.4635626    0.4465239    0.4294914    0.4127094    0.3960558    0.3795306    0.3630117    0.3467434    0.3306035    0.3145922    0.2985873    0.2828329    0.2672072      0.25171    0.2362192    0.2209791    0.2058677    0.1907627    0.1759084    0.1611826    0.1465855    0.1319949     0.117655    0.1034436   0.08936082   0.07528453   0.06145886   0.04776173   0.03419312   0.02063095  0.007319333 -0.005863817   -0.0190406  -0.03196689   -0.0447648  -0.05743436  -0.07009766   -0.0825106  -0.09479529   -0.1069518   -0.1191022   -0.1310023   -0.1427744   -0.1545406   -0.1660567   -0.1774449   -0.1887052   -0.1999597   -0.2109644   -0.2218415   -0.2325909   -0.2433348   -0.2538292   -0.2641962   -0.2744358   -0.2846703   -0.2946555   -0.3045136   -0.3143668    -0.323971   -0.3334483    -0.342799   -0.3521451   -0.3612425   -0.3702136   -0.3790583   -0.3878989   -0.3964914   -0.4049578   -0.4132984   -0.4216353   -0.4297245   -0.4376882   -0.4456487   -0.4533618   -0.4609499    -0.468413   -0.4758734    -0.483087   -0.4901761   -0.4971409   -0.5041035   -0.5108201   -0.5174127   -0.5238817   -0.5303491   -0.5365712     -0.54267    -0.548768    -0.554621   -0.5603514   -0.5659594   -0.5715671   -0.5769308   -0.5821726   -0.5872928   -0.5924137   -0.5972912   -0.6020478   -0.6066836    -0.611321   -0.6157159   -0.6199908    -0.624268   -0.6283034   -0.6322196   -0.6360166   -0.6398169   -0.6433765   -0.6468178   -0.6501411   -0.6534687   -0.6565567   -0.6595275   -0.6623814   -0.6652408   -0.6678617   -0.6703667   -0.6728779   -0.6751517   -0.6773104   -0.6793543   -0.6814059   -0.6832212   -0.6849228   -0.6865109    -0.688108   -0.6894703   -0.6907201    -0.691858   -0.6930062   -0.6939211   -0.6947251   -0.6955406   -0.6961238   -0.6965973   -0.6969615   -0.6973388   -0.6974854    -0.697524   -0.6974548   -0.6974004   -0.6971171   -0.6967274   -0.6962317   -0.6957526   -0.6950464   -0.6942356   -0.6934427   -0.6924241   -0.6913023   -0.6900778   -0.6888733    -0.687445   -0.6859155   -0.6842853   -0.6826771   -0.6808472   -0.6789182   -0.6768906   -0.6748872   -0.6726642   -0.6703443   -0.6680502   -0.6655384   -0.6629313   -0.6602297   -0.6575562   -0.6546673   -0.6516856   -0.6486118   -0.6455685   -0.6423123   -0.6389659   -0.6355299   -0.6321271   -0.6285139   -0.6248132   -0.6211476   -0.6172737   -0.6133144   -0.6092702    -0.605264   -0.6010523    -0.596758   -0.5923818   -0.5880465   -0.5835088   -0.5788914   -0.5741951   -0.5695429   -0.5646912   -0.5597631   -0.5548814   -0.5498027     -0.54465   -0.5394242    -0.534248   -0.5288782   -0.5234379   -0.5179277   -0.5124708   -0.5068238   -0.5011098   -0.4954516   -0.4896062   -0.4836964   -0.4777233   -0.4718099   -0.4657129   -0.4595555   -0.4533386   -0.4471852   -0.4408524    -0.434463   -0.4280182   -0.4216411   -0.4150886   -0.4084838   -0.4019499   -0.3952438   -0.3884886   -0.3816855   -0.3749577   -0.3680621   -0.3611219   -0.3541384   -0.3472348    -0.340168   -0.3330614   -0.3259161   -0.3188554   -0.3116365   -0.3043825    -0.297217   -0.2898968   -0.2825455   -0.2751643   -0.2678766   -0.2604395   -0.2529765   -0.2454889      -0.2381   -0.2305672    -0.223014   -0.2154415   -0.2079735   -0.2003671   -0.1927459   -0.1852334   -0.1775868   -0.1699298   -0.1622639   -0.1547126   -0.1470333   -0.1393496   -0.1316631   -0.1240974   -0.1164099   -0.1087244   -0.1010424  -0.09348763   -0.0858176  -0.07815603  -0.07062667  -0.06298707  -0.05536101  -0.04775021  -0.04027848  -0.03270344  -0.02514892  -0.01761672  -0.01023071 -0.002748567  0.004705791   0.01213051   0.01940166   0.02676147   0.03408598   0.04125119   0.04849929   0.05570627   0.06287013   0.06986682   0.07693847   0.08396096   0.09093226   0.09772821    0.1045909    0.1113961    0.1181417    0.1247036    0.1313236    0.1378775    0.1442411    0.1506563    0.1569988    0.1632663    0.1693345    0.1754451    0.1814739    0.1874185    0.1931544    0.1989234    0.2046011    0.2101851    0.2155507    0.2209397    0.2262276    0.2312898    0.2363679    0.2413372    0.2461953    0.2508174    0.2554451    0.2599537    0.2643405    0.2684808     0.272616    0.2766214    0.2804942    0.2841096    0.2877088    0.2911672    0.2943596    0.2975275    0.3005459    0.3034119    0.3060004    0.3085528    0.3109438    0.3131707    0.3151082    0.3169974    0.3187133    0.3202528    0.3214905    0.3226677     0.323659    0.3243391    0.3249491    0.3253636    0.3255793    0.3254709    0.3252793    0.3248789    0.3242666    0.3233167    0.3222701    0.3210013    0.3195067    0.3176608    0.3157044    0.3135117    0.3109571    0.3082812
   0.9418945    0.9297929    0.9172373    0.9052044    0.8932059    0.8812419    0.8688241    0.8569292     0.845069    0.8332435    0.8209645    0.8092087    0.7974877    0.7858018    0.7736626    0.7620468    0.7504662    0.7389209    0.7269226    0.7154479    0.7040088    0.6921169    0.6807489    0.6694166    0.6581201    0.6463711    0.6351463    0.6239576    0.6128049    0.6012001    0.5901198    0.5790759    0.5680684    0.5566091    0.5456747     0.534777     0.523916    0.5126036    0.5018165    0.4910663    0.4798651    0.4691893    0.4585509    0.4479499    0.4368982    0.4263723    0.4158842    0.4054338    0.3945332    0.3841588    0.3738226    0.3635246    0.3527767    0.3425555    0.3323728    0.3217406    0.3116355    0.3015692     0.291542    0.2810656    0.2711167    0.2612072    0.2513372    0.2410186    0.2312279    0.2214771    0.2117663    0.2016073    0.1919768    0.1823867    0.1728371    0.1628398    0.1533716    0.1439442    0.1340696    0.1247245    0.1154207    0.1061583   0.09644915   0.08727006   0.07813285   0.06903765   0.05949633   0.05048561   0.04151736   0.03259171   0.02322056   0.01438061  0.005583732 -0.003169906  -0.01236843  -0.02103512  -0.02965809  -0.03872546   -0.0472605  -0.05575133  -0.06419778  -0.07308795  -0.08144512   -0.0897574   -0.0980246   -0.1067348   -0.1149114   -0.1230423   -0.1311274   -0.1396549   -0.1476479   -0.1555945   -0.1634947   -0.1718363   -0.1796428   -0.1874022   -0.1956026   -0.2032672   -0.2108841    -0.218453   -0.2264622   -0.2339348   -0.2413588   -0.2487341   -0.2565488   -0.2638261    -0.271054   -0.2782323   -0.2858491   -0.2929276   -0.2999559    -0.307422   -0.3143491   -0.3212253   -0.3280504   -0.3353124   -0.3420345   -0.3487047   -0.3553229    -0.362377   -0.3688902   -0.3753507   -0.3817581   -0.3886005    -0.394901   -0.4011478   -0.4073404    -0.413967   -0.4200508   -0.4260797   -0.4325418   -0.4384602    -0.444323   -0.4501299   -0.4563688    -0.462063   -0.4677005   -0.4732809   -0.4792923   -0.4847579   -0.4901655    -0.495515   -0.5012943   -0.5065265   -0.5116997   -0.5168135   -0.5223559   -0.5273501    -0.532284   -0.5376456   -0.5424581   -0.5472092   -0.5518989    -0.557015   -0.5615806   -0.5660837   -0.5705239   -0.5753893   -0.5797029   -0.5839526   -0.5881381   -0.5927474   -0.5968035   -0.6007944   -0.6047197   -0.6090673   -0.6128604   -0.6165867   -0.6207344   -0.6243264   -0.6278506   -0.6313067   -0.6351825   -0.6385012   -0.6417506   -0.6449303   -0.6485283   -0.6515675   -0.6545359    -0.657433   -0.6607468   -0.6635003   -0.6661812   -0.6692776   -0.6718125   -0.6742736   -0.6766606   -0.6794613   -0.6816987   -0.6838607   -0.6859469    -0.688445   -0.6903781    -0.692234   -0.6940123   -0.6962008   -0.6978224    -0.699365   -0.7008281   -0.7026995   -0.7040022    -0.705224   -0.7068527   -0.7079113   -0.7088874   -0.7097808    -0.711079   -0.7118051   -0.7124468   -0.7130037   -0.7139634    -0.714349   -0.7146481   -0.7148603   -0.7154732   -0.7155099    -0.715458    -0.715317   -0.7155746   -0.7152537   -0.7148421   -0.7148274   -0.7142326   -0.7135453    -0.712765   -0.7123793   -0.7114112   -0.7103482   -0.7091899   -0.7084239   -0.7070731    -0.705625   -0.7040791   -0.7029231   -0.7011798   -0.6993368   -0.6973936   -0.6958376   -0.6936918   -0.6914438   -0.6895812   -0.6871267   -0.6845681   -0.6819046   -0.6796238   -0.6767485   -0.6737664   -0.6706766   -0.6679668   -0.6646598   -0.6612431    -0.657716    -0.654566   -0.6508159   -0.6469533   -0.6429773   -0.6393756   -0.6351708   -0.6308505   -0.6269022   -0.6223485   -0.6176771    -0.612887   -0.6084658   -0.6034362   -0.5982856   -0.5930133   -0.5881067   -0.5825885   -0.5769461   -0.5711787   -0.5657737   -0.5597538   -0.5536063   -0.5478188   -0.5414138   -0.5348787   -0.5282127   -0.5219031   -0.5149726   -0.5079084   -0.5007098   -0.4938641   -0.4863939   -0.4787864   -0.4710408   -0.4636444   -0.4556198   -0.4474542   -0.4391468   -0.4311848   -0.4225907   -0.4138518   -0.4054555   -0.3964242   -0.3872452   -0.3779174   -0.3689282      -0.3593     -0.34952   -0.3395872   -0.3299889   -0.3197474     -0.30935   -0.2987956   -0.2885715   -0.2776999   -0.2666682   -0.2554751   -0.2446079    -0.233089   -0.2214054   -0.2100444   -0.1980282   -0.1858441   -0.1734908   -0.1614554   -0.1487604   -0.1358927   -0.1228512    -0.110123  -0.09673026  -0.08316018  -0.06941149  -0.05597126   -0.0418617  -0.02756985  -0.01309447  0.001077414   0.01592363   0.03095716     0.045691   0.06110301    0.0767062   0.09250188    0.1080031    0.1241877    0.1405687    0.1571475    0.1734372    0.1904157    0.2075961    0.2249796    0.2420796    0.2598738    0.2778754    0.2955976    0.3140184    0.3326508    0.3514963    0.3700681    0.3893442    0.4088379    0.4285504    0.4479952    0.4681501    0.4885285    0.5091319    0.5294734    0.5505312    0.5718186    0.5933371    0.6145999    0.6365852    0.6588064    0.6807766     0.703474    0.7264121    0.7495923     0.772528    0.7961975     0.820114    0.8442792    0.8682066    0.8928743    0.9177957    0.9429726    0.9679182     0.993611     1.019564      1.04578     1.071771     1.098516     1.125529     1.152323
14.93773
