$\vec{x}_{0}(t,u)$  &
35 &
37.73324 &
40.67114 &
43.81389 &
47.15587 &
50.68296 &
54.36886 &
58.16988 &
62.01805 &
65.81214 &
69.40673 &
$\vec{x}_{0}(t,u)$  &
4 &
4.012092 &
4.083992 &
4.223432 &
4.441914 &
4.755922 &
5.188602 &
5.772052 &
6.550325 &
7.583116 &
8.949686 &
	  &
0.48 &
0.026 &
0.93 &
$\vec{x}_{-11111}(t,u)$  &
33.64526 &
37.20142 &
40.75757 &
44.31372 &
47.86987 &
51.42651 &
54.98267 &
58.53882 &
62.09497 &
65.65112 &
69.20728 &
$\vec{x}_{-11111}(t,u)$  &
3.066406 &
3.549805 &
4.03418 &
4.517578 &
5.001953 &
5.485352 &
5.969727 &
6.453125 &
6.9375 &
7.420898 &
7.905273 &
	  &
0.48 &
0.026 &
0.93 &
     1.354736      1.331732      1.308853        1.2861      1.263473      1.240971      1.218596      1.195858      1.173735      1.151737      1.129866      1.108122      1.086504      1.065012      1.043647      1.022409      1.001297     0.9803119     0.9594538     0.9387226     0.9176302      0.897153     0.8768031     0.8565803     0.8364847     0.8165165     0.7966756     0.7769622     0.7573762     0.7379178      0.718587     0.6993838     0.6803084     0.6608724     0.6420526     0.6233605     0.6047964     0.5863602     0.5680521     0.5498719     0.5318198     0.5138959     0.4961001     0.4784325     0.4608931      0.443482     0.4257109     0.4085564     0.3915302     0.3746325     0.3578631     0.3412222     0.3247097     0.3083257     0.2920702     0.2759432     0.2599448     0.2440748     0.2283335     0.2122324     0.1967482     0.1813926     0.1661655     0.1510671     0.1360972     0.1212559     0.1065433    0.09195917    0.07750367    0.06317674    0.04897837    0.03442028    0.02047901   0.006666263  -0.007017978   -0.02057373   -0.03400102   -0.04729987   -0.06047031   -0.07351236   -0.08642606   -0.09921143    -0.1118685    -0.1243973    -0.1372862    -0.1495587     -0.161703    -0.1737193    -0.1856075    -0.1973677        -0.209    -0.2205045    -0.2318811      -0.24313    -0.2542511    -0.2652447    -0.2761107    -0.2873375    -0.2979486    -0.3084324    -0.3187889    -0.3290183    -0.3391205    -0.3490958    -0.3589441    -0.3686656    -0.3782604    -0.3877285    -0.3970702    -0.4062854    -0.4158625    -0.4248252    -0.4336618    -0.4423724    -0.4509571    -0.4594161    -0.4677494    -0.4759573    -0.4840398    -0.4919971    -0.4998293    -0.5075365     -0.515119     -0.523065    -0.5303983    -0.5376072    -0.5446919    -0.5516526    -0.5584894    -0.5652025     -0.571792    -0.5782582    -0.5846012    -0.5908212    -0.5969184    -0.6028929    -0.6092333    -0.6149631     -0.620571    -0.6260569    -0.6314213    -0.6366642    -0.6417859    -0.6467866    -0.6516665     -0.656426    -0.6610651    -0.6655841    -0.6699833    -0.6747512    -0.6789114    -0.6829526     -0.686875    -0.6906787    -0.6943642    -0.6979316    -0.7013813    -0.7047135    -0.7079284    -0.7110265    -0.7140079     -0.716873    -0.7201103    -0.7227437    -0.7252616    -0.7276644    -0.7299525    -0.7321261    -0.7341856    -0.7361313    -0.7379635    -0.7396827    -0.7412891    -0.7427831    -0.7441651    -0.7459237    -0.7470827    -0.7481308    -0.7490684    -0.7498958    -0.7506135    -0.7512218    -0.7517211    -0.7521119    -0.7523946    -0.7525696    -0.7526372    -0.7530864    -0.7529408    -0.7526893    -0.7523322    -0.7518701    -0.7513034    -0.7506326    -0.7498581    -0.7489805    -0.7480002    -0.7469177    -0.7457335    -0.7444482    -0.7435504    -0.7420643    -0.7404785    -0.7387936    -0.7370102    -0.7351289      -0.73315    -0.7310743    -0.7289023    -0.7266345    -0.7242716    -0.7218142    -0.7192627    -0.7171062    -0.7143687     -0.711539    -0.7086178    -0.7056058    -0.7025035    -0.6993117    -0.6960309    -0.6926619    -0.6892053    -0.6856618     -0.682032    -0.6783168     -0.675005    -0.6711209    -0.6671534    -0.6631032    -0.6589712     -0.654758    -0.6504643    -0.6460911     -0.641639    -0.6371088    -0.6325013    -0.6278173    -0.6230577    -0.6187114    -0.6138029    -0.6088211     -0.603767    -0.5986414    -0.5934452    -0.5881792    -0.5828443    -0.5774415    -0.5719716    -0.5664355    -0.5608342    -0.5551686    -0.5499279    -0.5441365    -0.5382837    -0.5323704    -0.5263976    -0.5203664    -0.5142776    -0.5081325    -0.5019318    -0.4956768    -0.4893684    -0.4830078    -0.4765959    -0.4706222    -0.4641112    -0.4575522    -0.4509464     -0.444295     -0.437599    -0.4308596     -0.424078    -0.4172554    -0.4103929    -0.4034917    -0.3965532    -0.3895784    -0.3830568    -0.3760133    -0.3689374    -0.3618302    -0.3546931    -0.3475275    -0.3403346    -0.3331157    -0.3258722    -0.3186054    -0.3113168    -0.3040076    -0.2966793    -0.2898217    -0.2824594    -0.2750823    -0.2676919    -0.2602895    -0.2528766    -0.2454548    -0.2380256    -0.2305904    -0.2231509    -0.2157085    -0.2082649    -0.2013098    -0.1938684    -0.1864306    -0.1789979     -0.171572    -0.1641546    -0.1567473    -0.1493518    -0.1419699    -0.1346032    -0.1272536    -0.1199227    -0.1126123    -0.1058125   -0.09854858   -0.09131058   -0.08410036   -0.07691978   -0.06977071   -0.06265503   -0.05557467   -0.04853153   -0.04152756   -0.03456473     -0.027645   -0.02077038   -0.01443116  -0.007652808 -0.0009256545   0.005748232    0.01236676    0.01892784    0.02542933     0.0318691    0.03824497    0.04455478    0.05079633    0.05696738    0.06306571    0.06860077    0.07454685    0.08041338    0.08619802    0.09189845     0.0975123     0.1030372     0.1084708     0.1138105     0.1190541      0.124199     0.1292428     0.1341829     0.1385285     0.1432537     0.1478676     0.1523677     0.1567512     0.1610157     0.1651584     0.1691766     0.1730677     0.1768289     0.1804576     0.1839509      0.187306     0.1900319     0.1931023     0.1960261     0.1988003     0.2014221     0.2038886     0.2061968     0.2083437     0.2103264     0.2121419      0.213787     0.2152587      0.216554     0.2171815     0.2181145     0.2188616     0.2194197     0.2197855     0.2199559     0.2199275      0.219697     0.2192612     0.2186167     0.2177602     0.2166883     0.2153976     0.2133963     0.2116576     0.2096897      0.207489     0.2050522     0.2023755     0.1994555
    0.9335938     0.9214921     0.9084483     0.8964153     0.8834403     0.8714762     0.8595468     0.8466753     0.8348151     0.8229896     0.8102223     0.7984665      0.785769      0.774083     0.7624321     0.7498398     0.7382592     0.7257373     0.7142273     0.7027526     0.6903369     0.6789333     0.6665887     0.6552564     0.6439599     0.6317226     0.6204979     0.6093091     0.5971799     0.5860634     0.5740066     0.5629626     0.5519551     0.5400076     0.5290731     0.5171988     0.5063379     0.4955138     0.4837501     0.4729999      0.462287     0.4506346     0.4399962     0.4284187     0.4178552     0.4073293     0.3958646     0.3854143     0.3740254      0.363651     0.3533148     0.3420402     0.3317806     0.3205828     0.3104002     0.3002562     0.2891745     0.2791083      0.269081     0.2581164     0.2481675     0.2372815     0.2274115     0.2175811     0.2068139     0.1970631     0.1863757      0.176705     0.1670745     0.1565078     0.1469582     0.1374492     0.1270044     0.1175771     0.1072142    0.09786903    0.08856518    0.07832622     0.0691054    0.05894975    0.04981253    0.04071734    0.03068774    0.02167702     0.0117322   0.002806557  -0.006076317   -0.01589283   -0.02468971   -0.03344334   -0.04313015   -0.05179684   -0.06139637   -0.06997546    -0.0785105   -0.08797789   -0.09642434    -0.1058028      -0.11416    -0.1224722     -0.131716     -0.139938    -0.1490911     -0.157222    -0.1653071    -0.1743228    -0.1823158    -0.1902625    -0.1991392    -0.2069926    -0.2157757     -0.223535    -0.2312471    -0.2398883    -0.2475051    -0.2560507    -0.2635716    -0.2710441    -0.2794448    -0.2868201    -0.2941465    -0.3024003    -0.3096282    -0.3177831    -0.3249116    -0.3319901    -0.3399949    -0.3469727    -0.3548764    -0.3617527    -0.3685777     -0.376328    -0.3830501    -0.3906969     -0.397315    -0.4038809    -0.4113707    -0.4178312    -0.4242386    -0.4315692    -0.4378698    -0.4450931    -0.4512857    -0.4574241    -0.4644844    -0.4705133    -0.4774637    -0.4833821    -0.4892449    -0.4960283     -0.501779    -0.5074732    -0.5140872    -0.5196676    -0.5261673    -0.5316329    -0.5370405    -0.5433665    -0.5486575    -0.5548664    -0.5600395    -0.5651534    -0.5711841    -0.5761783    -0.5820887     -0.586962    -0.5917745    -0.5975022    -0.6021919    -0.6068197    -0.6123618    -0.6168649    -0.6222817    -0.6266588    -0.6309724    -0.6361987    -0.6403842    -0.6454817    -0.6495379    -0.6535287    -0.6584306      -0.66229     -0.666083     -0.670786    -0.6744453    -0.6790139    -0.6825381    -0.6859942    -0.6903583     -0.693677    -0.6979029    -0.7010827    -0.7041923    -0.7082081    -0.7111765    -0.7150502    -0.7178757    -0.7206292    -0.7242867    -0.7268948    -0.7294297    -0.7328673    -0.7352543    -0.7385433    -0.7407807    -0.7429427    -0.7460055    -0.7480153     -0.750925    -0.7527809    -0.7545592    -0.7572359    -0.7588575    -0.7604001    -0.7628398    -0.7642229    -0.7665022     -0.767724    -0.7688644    -0.7708995    -0.7718757    -0.7737456    -0.7745556    -0.7752816    -0.7768999    -0.7774568    -0.7789048    -0.7792904    -0.7795895    -0.7807782    -0.7809029    -0.7809396    -0.7818642    -0.7817232    -0.7824691    -0.7821483    -0.7817366    -0.7822103    -0.7816154    -0.7819047    -0.7811244    -0.7802504    -0.7802588    -0.7791959    -0.7790141    -0.7777599     -0.776409    -0.7759375    -0.7743916    -0.7727474    -0.7719806    -0.7701376    -0.7691709    -0.7671267    -0.7649809    -0.7637094    -0.7613585    -0.7598806     -0.757322    -0.7546585     -0.752866    -0.7499907    -0.7470085    -0.7448953    -0.7416973    -0.7393668    -0.7359501     -0.732423    -0.7297613    -0.7260112    -0.7231251    -0.7191492    -0.7150592     -0.711831    -0.7075107    -0.7040506     -0.699497    -0.6948255     -0.691012    -0.6861025    -0.6810729    -0.6768989    -0.6716266    -0.6672083    -0.6616901    -0.6560477    -0.6512568    -0.6453635    -0.6403202    -0.6341727    -0.6278969    -0.6224685    -0.6159334    -0.6092674    -0.6034461    -0.5965155     -0.590428    -0.5832294    -0.5758954    -0.5694017    -0.5617942    -0.5550251    -0.5471405    -0.5391159    -0.5319269    -0.5236194    -0.5161457    -0.5075516    -0.4988128    -0.4909048    -0.4818734    -0.4726944    -0.4643432    -0.4548657    -0.4462141    -0.4364341    -0.4265013    -0.4173912    -0.4071498    -0.3977289    -0.3871745    -0.3764621    -0.3665671    -0.3555353    -0.3443423    -0.3339634    -0.3224444    -0.3117374    -0.2998881     -0.287872    -0.2766644    -0.2643111     -0.252764     -0.240069    -0.2272013    -0.2151363    -0.2019198    -0.1895037    -0.1759336    -0.1621849     -0.149233    -0.1351234    -0.1208316    -0.1073328   -0.09267259   -0.07880294   -0.06376941   -0.04854728   -0.03411183   -0.01850864   -0.00368953    0.01229994    0.02848454    0.04388902    0.06046786    0.07724584    0.09324775     0.1104281     0.1268351     0.1444233     0.1622176     0.1792426     0.1974531     0.2148973     0.2335297     0.2523752     0.2704587     0.2897349     0.3082519     0.3279645     0.3478975     0.3670759     0.3874543     0.4080577     0.4279109     0.4489687     0.4692796      0.490798     0.5125491     0.5335579      0.555779     0.5772609     0.5999584     0.6228964     0.6451001     0.6685241      0.691217     0.7151335     0.7392988     0.7627379     0.7874056      0.812327     0.8365272     0.8619612     0.8866774     0.9126307     0.9388462     0.9643491     0.9910943       1.01713      1.044412
15.55546
