$\vec{x}_{0}(t,u)$  &
35 &
37.73324 &
40.67114 &
43.81389 &
47.15587 &
50.68296 &
54.36886 &
58.16988 &
62.01805 &
65.81214 &
69.40673 &
$\vec{x}_{0}(t,u)$  &
4 &
4.012092 &
4.083992 &
4.223432 &
4.441914 &
4.755922 &
5.188602 &
5.772052 &
6.550325 &
7.583116 &
8.949686 &
	  &
0.48 &
0.026 &
0.93 &
$\vec{x}_{-11111}(t,u)$  &
33.65381 &
37.22021 &
40.78662 &
44.35205 &
47.91846 &
51.48486 &
55.05127 &
58.6167 &
62.18311 &
65.74951 &
69.31592 &
$\vec{x}_{-11111}(t,u)$  &
3.075195 &
3.569336 &
4.063477 &
4.557617 &
5.051758 &
5.545898 &
6.038086 &
6.532227 &
7.026367 &
7.520508 &
8.014648 &
	  &
0.48 &
0.026 &
0.93 &
    1.346191     1.323187     1.299332     1.276579     1.253951      1.23145     1.208098     1.185848     1.163725     1.140751      1.11888     1.097136     1.074541     1.053049     1.031684     1.010446    0.9883573    0.9673724    0.9465143    0.9248066    0.9042024    0.8837253    0.8633753     0.842176    0.8220804    0.8021122    0.7812947    0.7615813    0.7419953    0.7215604    0.7022296    0.6830264     0.663951    0.6440267    0.6252069    0.6065148    0.5869741     0.568538    0.5502298    0.5320496     0.513021    0.4950971    0.4773013    0.4586571    0.4411177    0.4237066    0.4054472    0.3882927    0.3712666    0.3543688    0.3366229    0.3199819    0.3034695    0.2861089    0.2698534    0.2537264     0.237728    0.2208815    0.2051401    0.1895273    0.1730666    0.1577109    0.1424839    0.1264089     0.111439   0.09659773   0.08188505    0.0663244    0.0518689   0.03754197   0.02236705  0.008297235 -0.005644037  -0.01945678  -0.03411759  -0.04767334  -0.06110063  -0.07537605  -0.08854648   -0.1015885   -0.1154788   -0.1282642   -0.1409212   -0.1534501   -0.1668273   -0.1790997    -0.191244   -0.2042368   -0.2161251   -0.2278853   -0.2395176   -0.2519986   -0.2633752   -0.2746241   -0.2867218   -0.2977154   -0.3085814   -0.3202965   -0.3309076   -0.3413914   -0.3517479   -0.3629538   -0.3730561   -0.3830313   -0.3938562   -0.4035777   -0.4131725   -0.4226407   -0.4329588    -0.442174   -0.4512629   -0.4612022   -0.4700387   -0.4787493   -0.4883106   -0.4967696   -0.5051029   -0.5133108   -0.5223699   -0.5303272   -0.5381594   -0.5468432   -0.5544256   -0.5618834   -0.5692166   -0.5774021   -0.5844868   -0.5914475   -0.5992609    -0.605974   -0.6125635   -0.6200062   -0.6263492   -0.6325692   -0.6386664   -0.6456175   -0.6514696   -0.6571995   -0.6637838   -0.6692698   -0.6746341   -0.6798771   -0.6859753    -0.690976    -0.695856    -0.701592   -0.7062311   -0.7107501   -0.7161259   -0.7204055   -0.7245657   -0.7286069   -0.7335058   -0.7373096   -0.7409951    -0.745539   -0.7489887   -0.7523209   -0.7555358   -0.7596104   -0.7625919    -0.765457   -0.7691826   -0.7718159   -0.7743339   -0.7777133   -0.7800013   -0.7821749   -0.7842344   -0.7871567   -0.7889889   -0.7907081   -0.7932911   -0.7947851   -0.7961671   -0.7974374    -0.799573   -0.8006211   -0.8015586   -0.8033626   -0.8040803   -0.8046886   -0.8061645   -0.8065553   -0.8068379   -0.8070129   -0.8080572    -0.808018   -0.8078724   -0.8085975   -0.8082404   -0.8077783   -0.8072116   -0.8075174   -0.8067429   -0.8058653   -0.8058615    -0.804779   -0.8035949   -0.8032861      -0.8019   -0.8004139   -0.7988281   -0.7981198   -0.7963364    -0.794455   -0.7934528   -0.7913771    -0.789205   -0.7869373   -0.7855509   -0.7830935    -0.780542   -0.7788738   -0.7761363   -0.7733066    -0.771362   -0.7683499   -0.7652477   -0.7620558   -0.7597516   -0.7563826    -0.752926    -0.750359   -0.7467293   -0.7430141    -0.739214   -0.7363065   -0.7323389   -0.7282888   -0.7251333   -0.7209201   -0.7166265   -0.7132298   -0.7087777   -0.7042475     -0.69964   -0.6959326   -0.6911729   -0.6863384   -0.6824064   -0.6774246   -0.6723705   -0.6672449   -0.6630253   -0.6577593   -0.6524244   -0.6479982   -0.6425282   -0.6369922   -0.6323674   -0.6267018   -0.6209728   -0.6151814   -0.6103052   -0.6043919   -0.5984191   -0.5933644   -0.5872757   -0.5811305   -0.5749299   -0.5696514    -0.563343   -0.5569824   -0.5515471   -0.5450851    -0.538574   -0.5329916   -0.5263859   -0.5197344   -0.5130384   -0.5072756    -0.500494   -0.4936714   -0.4877855   -0.4808843   -0.4739457   -0.4669709   -0.4609377   -0.4538942   -0.4468182   -0.4406876   -0.4335506   -0.4263849   -0.4201685   -0.4129496   -0.4057061   -0.3984394   -0.3921273   -0.3848182   -0.3774899   -0.3711205   -0.3637582   -0.3563812   -0.3489907   -0.3425648    -0.335152   -0.3277302   -0.3212775   -0.3138424   -0.3064028    -0.299937   -0.2924934   -0.2850501   -0.2776087   -0.2711474   -0.2637147   -0.2562888   -0.2498479   -0.2424406   -0.2350452   -0.2276633   -0.2212732   -0.2139235   -0.2065926   -0.2002588   -0.1929707   -0.1857068   -0.1794453   -0.1722351   -0.1650545   -0.1579055   -0.1517664    -0.144686   -0.1376429   -0.1316155   -0.1246526   -0.1177329   -0.1108583   -0.1050073  -0.09822898  -0.09150183   -0.0858045  -0.07918597   -0.0726249  -0.06709997   -0.0606602  -0.05428432  -0.04797451  -0.04270953  -0.03653848  -0.03044015  -0.02539337  -0.01944729  -0.01358077 -0.007796121 -0.003072255    0.0025416  0.008066503   0.01252349   0.01786328   0.02310685    0.0272752   0.03231895   0.03725905   0.04209298   0.04584162   0.05045554   0.05495558   0.05836257   0.06262702    0.0667697   0.07078793   0.07370247   0.07746371   0.08109235   0.08360908   0.08696421    0.0901784   0.09227223   0.09519599   0.09797023     0.100592     0.102082    0.1043902    0.1065371    0.1075432    0.1093587    0.1110038     0.111499    0.1127943      0.11391     0.114843    0.1146136    0.1151717    0.1155375    0.1147313    0.1147028    0.1144724    0.1140366    0.1124156     0.111559    0.1104871    0.1082198    0.1067068    0.1049681    0.1020236   0.09982302   0.09738617   0.09470952   0.09081292
   0.9248047    0.9107499    0.8986826    0.8866497    0.8726981    0.8607341    0.8488046    0.8369097    0.8230964    0.8112709    0.7994802    0.7857712    0.7740502    0.7623643    0.7487603    0.7371445    0.7255639    0.7120654    0.7005554    0.6890808    0.6756885    0.6642849    0.6529169    0.6396314    0.6283349    0.6170742    0.6038963    0.5927076    0.5815549    0.5684852     0.557405    0.5463611    0.5334004    0.5224294     0.511495    0.5005973    0.4877832    0.4769591    0.4661719    0.4534687    0.4427557      0.43208    0.4194884    0.4088874    0.3983239    0.3858449    0.3753568    0.3649065     0.352541    0.3421666    0.3318304    0.3195793    0.3093196    0.2990984    0.2869627    0.2768187    0.2667136    0.2546942     0.244667    0.2346789    0.2227769    0.2128674    0.2029974     0.193167    0.1814232    0.1716724    0.1619616    0.1503378    0.1407073    0.1311172    0.1196144    0.1101055    0.1006372   0.08925675   0.07987043   0.07052528   0.05926831   0.05000591   0.04078509   0.02965288   0.02051566   0.01142046  0.000414302 -0.008596419  -0.01756468  -0.02844344  -0.03732632  -0.04616627  -0.05691627  -0.06566991  -0.07438015  -0.08304684  -0.09362293    -0.102202   -0.1107371    -0.121181   -0.1296275   -0.1380294   -0.1483397   -0.1566519   -0.1649191   -0.1750942   -0.1832707   -0.1914017   -0.2014399   -0.2094791   -0.2174721   -0.2273719    -0.235272   -0.2431254    -0.252885   -0.2606444   -0.2683565   -0.2779742   -0.2855911   -0.2931601   -0.3026341   -0.3101066   -0.3175307    -0.324906   -0.3341855   -0.3414628   -0.3486907   -0.3578221   -0.3649507   -0.3720292   -0.3810106   -0.3879884   -0.3949155   -0.4037448   -0.4105699   -0.4173436   -0.4260188   -0.4326891   -0.4393072   -0.4478262   -0.4543395   -0.4607999   -0.4691605   -0.4755146   -0.4818151   -0.4900149   -0.4962076    -0.502346   -0.5103828   -0.5164117   -0.5223855    -0.528304   -0.5361199   -0.5419267   -0.5476774   -0.5553247   -0.5609622   -0.5665426   -0.5740189   -0.5794844   -0.5848921   -0.5921947   -0.5974857   -0.6027179   -0.6098442    -0.614958   -0.6200122   -0.6269595   -0.6318934   -0.6367667   -0.6435323   -0.6482835   -0.6529731    -0.659554   -0.6641196   -0.6686227   -0.6750161   -0.6793932   -0.6837068   -0.6879565   -0.6940951   -0.6982161   -0.7022722   -0.7082162   -0.7121415   -0.7160009   -0.7217471   -0.7254735   -0.7291328   -0.7346779   -0.7382022   -0.7416582   -0.7469989   -0.7503176    -0.753567   -0.7586999   -0.7618095   -0.7648488   -0.7697703   -0.7726674   -0.7754929   -0.7801995   -0.7828805   -0.7854886   -0.7899765   -0.7924376   -0.7948246    -0.797137   -0.8013276   -0.8034896   -0.8055758   -0.8095387   -0.8114719   -0.8133278   -0.8170592   -0.8187593    -0.820381   -0.8238767   -0.8253398   -0.8267229   -0.8299788   -0.8312006    -0.832341   -0.8353527   -0.8363288   -0.8372222   -0.8399852   -0.8407113   -0.8413531    -0.843863   -0.8443345   -0.8447201   -0.8469723   -0.8471845   -0.8473092   -0.8473458    -0.849247    -0.849106   -0.8488754   -0.8505076    -0.850096   -0.8495931   -0.8509514   -0.8502641   -0.8494837   -0.8505629   -0.8495948   -0.8485318   -0.8493266   -0.8480724   -0.8467215   -0.8472266   -0.8456807   -0.8440364   -0.8442462   -0.8424032     -0.84046   -0.8403689   -0.8382231    -0.835975   -0.8355772   -0.8331228   -0.8305642   -0.8279007   -0.8270847   -0.8242095   -0.8212273   -0.8200907   -0.8168926   -0.8135856    -0.812122   -0.8085949   -0.8049566   -0.8031597    -0.799297   -0.7953211   -0.7931842   -0.7889794   -0.7846591   -0.7821756    -0.777622   -0.7729505   -0.7701135   -0.7652041   -0.7601745   -0.7569771   -0.7517047   -0.7463099   -0.7427448   -0.7371023   -0.7313349   -0.7254417   -0.7213749   -0.7152274   -0.7089516   -0.7044997   -0.6979646   -0.6912986   -0.6864539   -0.6795234   -0.6724592   -0.6672137   -0.6598798   -0.6524095   -0.6467551   -0.6390095   -0.6311249   -0.6250534   -0.6168878   -0.6085803   -0.6020832   -0.5934891   -0.5847503   -0.5778188   -0.5687875   -0.5596085   -0.5522338   -0.5427563   -0.5331281   -0.5233481   -0.5153685   -0.5052819   -0.4950404   -0.4865961   -0.4760417   -0.4653293   -0.4564109   -0.4453791    -0.434186   -0.4247837   -0.4132648   -0.4015812    -0.391685   -0.3796689   -0.3674847   -0.3570845   -0.3445609   -0.3318659   -0.3209513   -0.3079098   -0.2946933   -0.2832537   -0.2696836   -0.2559349   -0.2439595     -0.22985   -0.2155581   -0.2010828   -0.1883757   -0.1735295    -0.158496    -0.145227    -0.129815   -0.1142118   -0.1003692  -0.08437974  -0.06819515  -0.05376723  -0.03718839  -0.02041041 -0.005385058   0.01179528   0.02917887   0.04481395   0.06260818   0.08060982   0.09686717    0.1152879    0.1339203    0.1508127    0.1698728    0.1891489    0.2066894     0.226402     0.246335      0.26649    0.2849152    0.3055186    0.3263484    0.3454531    0.3667405     0.388259    0.4080569    0.4300423    0.4522634    0.4727688    0.4954662    0.5184042    0.5396313    0.5630553    0.5867248    0.6086882    0.6328535    0.6572691    0.6799837    0.7049051    0.7300819    0.7535627    0.7792555    0.8052088    0.8294712    0.8559507    0.8826959    0.9097086    0.9350374
16.36273
