$\vec{x}_{0}(t,u)$  &
35 &
37.73324 &
40.67114 &
43.81389 &
47.15587 &
50.68296 &
54.36886 &
58.16988 &
62.01805 &
65.81214 &
69.40673 &
$\vec{x}_{0}(t,u)$  &
4 &
4.012092 &
4.083992 &
4.223432 &
4.441914 &
4.755922 &
5.188602 &
5.772052 &
6.550325 &
7.583116 &
8.949686 &
	  &
0.48 &
0.026 &
0.93 &
$\vec{x}_{-11111}(t,u)$  &
33.66309 &
37.23926 &
40.81543 &
44.3916 &
47.96777 &
51.54395 &
55.12012 &
58.69629 &
62.27246 &
65.84863 &
69.4248 &
$\vec{x}_{-11111}(t,u)$  &
3.085938 &
3.589844 &
4.09375 &
4.597656 &
5.101562 &
5.605469 &
6.109375 &
6.613281 &
7.117188 &
7.621094 &
8.125 &
	  &
0.48 &
0.026 &
0.93 &
     1.336914      1.312933      1.291031      1.267301      1.243697      1.220219       1.19882      1.175594      1.152494      1.129521      1.108626      1.085905       1.06331      1.040842        1.0185     0.9982386     0.9761503     0.9541888     0.9323542     0.9125996     0.8910188     0.8695652     0.8482386     0.8270392     0.8079202     0.7869754      0.766158      0.745468     0.7268586     0.7064237     0.6861163     0.6659366     0.6458846     0.6279134      0.608117     0.5884484     0.5689077     0.5514481     0.5321634     0.5130067      0.493978     0.4750775     0.4582583     0.4396141     0.4210982     0.4027105     0.3864042     0.3682732     0.3502705     0.3323961     0.3166033     0.2989859     0.2814968     0.2641363     0.2469042     0.2317538     0.2147787     0.1979323     0.1812143     0.1665781     0.1501173     0.1337851     0.1175815     0.1015065    0.08751321    0.07169538    0.05600615     0.0404455    0.02696656    0.01166307  -0.003511861   -0.01855823   -0.03347607   -0.04631225   -0.06097306   -0.07550537   -0.08990923    -0.1022315    -0.1163785    -0.1303971    -0.1442874    -0.1580493    -0.1697298    -0.1832352    -0.1966124    -0.2098614    -0.2210292     -0.234022    -0.2468868    -0.2596236    -0.2702793    -0.2827603    -0.2951135    -0.3073389    -0.3194367    -0.3294537    -0.3412963    -0.3530113     -0.364599    -0.3741062    -0.3854393    -0.3966452     -0.407724    -0.4186758    -0.4275476    -0.4382457     -0.448817    -0.4592618    -0.4676268    -0.4778186     -0.487884    -0.4978232    -0.5076364    -0.5153704    -0.5249317    -0.5343672    -0.5436772    -0.5509085    -0.5599675    -0.5689014    -0.5777101    -0.5863939    -0.5929998    -0.6014342     -0.609744    -0.6179295    -0.6240376    -0.6319748    -0.6397882    -0.6474779    -0.6530908    -0.6605336    -0.6678532    -0.6750497    -0.6821234    -0.6871214    -0.6939501    -0.7006565    -0.7072409    -0.7117503    -0.7180912    -0.7243107    -0.7304089    -0.7363862    -0.7402896    -0.7460256    -0.7516412    -0.7571368    -0.7605595    -0.7658156    -0.7709525    -0.7759702    -0.7808691    -0.7836963    -0.7883583    -0.7929023    -0.7973285    -0.7996842    -0.8038757    -0.8079503    -0.8119083    -0.8137968    -0.8175224    -0.8211323    -0.8246268    -0.8280062    -0.8293177    -0.8324679    -0.8355039    -0.8384262    -0.8392819    -0.8419776    -0.8445606    -0.8470312    -0.8493897    -0.8496835    -0.8518191    -0.8538437    -0.8557578    -0.8556087    -0.8573029    -0.8588878    -0.8603637     -0.861731    -0.8610372    -0.8621887    -0.8632329    -0.8641703    -0.8630482    -0.8637732    -0.8643928    -0.8649072    -0.8653171    -0.8636697    -0.8638718    -0.8639707     -0.863967    -0.8619079    -0.8617003    -0.8613915    -0.8609821    -0.8585194    -0.8579101    -0.8572018     -0.856395    -0.8554902    -0.8525348    -0.8514356    -0.8502402     -0.848949    -0.8456095    -0.8441286    -0.8425538    -0.8408855    -0.8391245    -0.8353183    -0.8333737    -0.8313382    -0.8292125    -0.8250441    -0.8227399    -0.8203474    -0.8178674    -0.8153004    -0.8106942    -0.8079555     -0.805132    -0.8022244    -0.7972804    -0.7942068    -0.7910513    -0.7878146    -0.7844976    -0.7791477    -0.7756722    -0.7721185    -0.7684876    -0.7628271     -0.759044     -0.755186     -0.751254    -0.7452957    -0.7412182    -0.7370692    -0.7328495    -0.7285601    -0.7222486    -0.7178224     -0.713329    -0.7087695    -0.7021916    -0.6975026    -0.6927502    -0.6879354    -0.6830591    -0.6761692     -0.671173    -0.6661183    -0.6610062    -0.6538844    -0.6486603    -0.6433819    -0.6380501     -0.632666    -0.6252775    -0.6197921    -0.6142576    -0.6086752    -0.6010929     -0.595418    -0.5896986    -0.5839358    -0.5761776    -0.5703316    -0.5644456     -0.558521     -0.552559    -0.5446076    -0.5385744    -0.5325075    -0.5264081    -0.5183243    -0.5121638    -0.5059748    -0.4997584    -0.4935161     -0.485296    -0.4790058    -0.4726937    -0.4663611    -0.4580563    -0.4516869    -0.4453012    -0.4389007    -0.4324868    -0.4241078    -0.4176715    -0.4112263    -0.4047736    -0.3963619    -0.3898989    -0.3834331     -0.376966    -0.3704993    -0.3620813      -0.35562    -0.3491639    -0.3427146    -0.3343206    -0.3278899     -0.321471    -0.3150656    -0.3067224    -0.3003493    -0.2939949    -0.2876611    -0.2813496    -0.2731091    -0.2668477     -0.260614      -0.25441    -0.2462844    -0.2401453    -0.2340415    -0.2279749    -0.2219475    -0.2140081    -0.2080649    -0.2021669    -0.1963159     -0.188561    -0.1828104    -0.1771131    -0.1714711    -0.1658866    -0.1584086    -0.1529454     -0.147546    -0.1422128    -0.1349947    -0.1298002    -0.1246784    -0.1196316    -0.1146621     -0.107819     -0.103011    -0.0982871   -0.09364981   -0.08714834   -0.08269135   -0.07832813   -0.07406112   -0.06793965   -0.06387246   -0.05990892   -0.05605155   -0.05230291   -0.04671243   -0.04318895   -0.03978196   -0.03649408   -0.03137484   -0.02833316   -0.02541863   -0.02263395   -0.01998186   -0.01551202   -0.01313344   -0.01089582  -0.008801989  -0.004901671  -0.003103994  -0.001458733  3.118709e-05   0.001362821   0.004486324   0.005492453   0.006331316   0.006999873   0.009448184   0.009766911   0.009906067   0.009862516    0.01158622    0.01116775    0.01055702   0.009750792   0.008745812    0.00949192    0.00807956   0.006458525   0.004625456   0.004530097    0.00226279 -0.0002267721  -0.002942048   -0.00588652  -0.007110572   -0.01052399    -0.0141772    -0.0180738
    0.9140625     0.9019609     0.8879405     0.8759075     0.8619559     0.8499919     0.8361093     0.8242144      0.810401     0.7985755     0.7867848     0.7730759     0.7613549     0.7477159      0.736065      0.722496     0.7109154      0.697417     0.6859069     0.6724792       0.66104     0.6496364     0.6363153      0.624983     0.6117333     0.6004726     0.5872948      0.576106     0.5630002     0.5518837     0.5408034     0.5278064     0.5167989     0.5038747     0.4929403     0.4800895     0.4692285     0.4564513     0.4456641     0.4329609     0.4222479     0.4115721     0.3989806     0.3883796      0.375863     0.3653371     0.3528959     0.3424456       0.33008     0.3197057     0.3093694     0.2971183     0.2868587     0.2746844     0.2645018     0.2524047     0.2422995     0.2302801     0.2202529     0.2102648     0.1983628     0.1884533     0.1766302     0.1667998      0.155056     0.1453052     0.1336413     0.1239706      0.112387     0.1027969    0.09324726    0.08178514     0.0723169    0.06093643    0.05155012    0.04025184      0.030948    0.01973247    0.01051165   0.001332564  -0.009757778   -0.01885298   -0.02985914   -0.03886986   -0.04979124   -0.05871688   -0.06955288   -0.07839283   -0.08914283   -0.09789647    -0.1066067    -0.1172265    -0.1258495    -0.1363817    -0.1449168    -0.1553607    -0.1638072    -0.1741622    -0.1825193    -0.1908316    -0.2010519    -0.2092739    -0.2194036    -0.2275345    -0.2375727    -0.2456119     -0.255558    -0.2635047    -0.2714048    -0.2812113    -0.2890178    -0.2987304    -0.3064424    -0.3160601     -0.323677    -0.3331991      -0.34072    -0.3501457    -0.3575698    -0.3649451    -0.3742246    -0.3815019    -0.3906829    -0.3978612    -0.4069428    -0.4140213    -0.4230027    -0.4299806    -0.4369077     -0.445737    -0.4525621    -0.4612889     -0.468011    -0.4766344    -0.4832525    -0.4917715    -0.4982848    -0.5066984    -0.5131058    -0.5194599    -0.5277135    -0.5339603     -0.542106    -0.5482444    -0.5562813    -0.5623102    -0.5702371    -0.5761555    -0.5820183    -0.5897783     -0.595529    -0.6031763    -0.6088138    -0.6163473    -0.6218705    -0.6292891    -0.6346968    -0.6419994    -0.6472904    -0.6525226    -0.6596489    -0.6647627      -0.67177    -0.6767642    -0.6836512    -0.6885245    -0.6952901    -0.7000413    -0.7047309    -0.7113118    -0.7158775    -0.7223337    -0.7267739    -0.7331041    -0.7374177    -0.7436205    -0.7478061    -0.7519271    -0.7579363    -0.7619272    -0.7678056     -0.771665    -0.7774111    -0.7811375      -0.78675     -0.790342    -0.7958194    -0.7992754     -0.802663    -0.8079348    -0.8111842     -0.816317    -0.8194267    -0.8244191    -0.8273875    -0.8322377    -0.8350632    -0.8378167    -0.8424508    -0.8450589    -0.8495468     -0.852008    -0.8563481    -0.8586605     -0.862851    -0.8650131    -0.8690523    -0.8710622    -0.8729953    -0.8768043    -0.8785826    -0.8822359    -0.8838575    -0.8873532    -0.8888164    -0.8921526    -0.8934553    -0.8946772    -0.8977707    -0.8988292    -0.9017585    -0.9026518    -0.9054149     -0.906141    -0.9087359    -0.9092927    -0.9097642    -0.9121029     -0.912402    -0.9145673     -0.914692    -0.9166818    -0.9166299     -0.918442    -0.9182113    -0.9198436     -0.919432     -0.918929    -0.9202873       -0.9196    -0.9207728    -0.9198988    -0.9208838    -0.9198209    -0.9206157    -0.9193614    -0.9180106    -0.9185156    -0.9169698    -0.9172786    -0.9155353    -0.9156454    -0.9137021     -0.913611    -0.9114652    -0.9111703    -0.9088194     -0.906365    -0.9057595     -0.903096      -0.90228    -0.8994048    -0.8983757     -0.895286     -0.894041     -0.890734    -0.8873173    -0.8857433    -0.8821051    -0.8803081    -0.8764454    -0.8744226    -0.8703326     -0.868081    -0.8637607    -0.8593241    -0.8567235    -0.8520521    -0.8492151    -0.8443057    -0.8412292    -0.8360786    -0.8327594    -0.8273646    -0.8237994     -0.818157    -0.8123896    -0.8084495    -0.8024295    -0.7982352    -0.7919594    -0.7875075    -0.7809725    -0.7762596    -0.7694617    -0.7625312    -0.7574202    -0.7502216    -0.7448407    -0.7373704    -0.7317161    -0.7239705    -0.7180389    -0.7100143    -0.7038019    -0.6954944    -0.6870441    -0.6804032    -0.6716643    -0.6647329    -0.6557016    -0.6484756    -0.6391479    -0.6316235    -0.6219953    -0.6122153    -0.6042357    -0.5941491    -0.5858607    -0.5754633     -0.566862    -0.5561496    -0.5472312    -0.5361994    -0.5250063     -0.515604    -0.5040851    -0.4943546    -0.4825053    -0.4724423    -0.4602581     -0.449858    -0.4373344    -0.4265924    -0.4137247    -0.4006832    -0.3894198    -0.3760271    -0.3644102    -0.3506615    -0.3386861    -0.3245765    -0.3122378    -0.2977624    -0.2831023    -0.2702092    -0.2551757    -0.2419067    -0.2264946    -0.2128446    -0.1970489    -0.1830126     -0.166828       -0.1524    -0.1358212    -0.1190432    -0.1040179   -0.08683753   -0.07140707   -0.05381886   -0.03797776   -0.01997612  -0.003718763    0.01470197    0.03333438    0.05022678    0.06928687    0.08660987     0.1061035     0.1238629     0.1437959     0.1619978     0.1823762     0.2010264     0.2218562     0.2429141     0.2622483     0.2837668     0.3035648     0.3255501     0.3458181     0.3682766     0.3890209     0.4119589     0.4351391       0.45661     0.4802795     0.5022429     0.5264082     0.5488707     0.5735384     0.5965067     0.6216835     0.6471174     0.6708571     0.6968103     0.7210727     0.7475522     0.7723443      0.799357     0.8246858
17.3406
