$\vec{x}_{0}(t,u)$  &
35 &
37.73324 &
40.67114 &
43.81389 &
47.15587 &
50.68296 &
54.36886 &
58.16988 &
62.01805 &
65.81214 &
69.40673 &
$\vec{x}_{0}(t,u)$  &
4 &
4.012092 &
4.083992 &
4.223432 &
4.441914 &
4.755922 &
5.188602 &
5.772052 &
6.550325 &
7.583116 &
8.949686 &
	  &
0.48 &
0.026 &
0.93 &
$\vec{x}_{-11111}(t,u)$  &
33.6709 &
37.25684 &
40.84277 &
44.42871 &
48.01465 &
51.60254 &
55.18848 &
58.77441 &
62.36035 &
65.94629 &
69.53223 &
$\vec{x}_{-11111}(t,u)$  &
3.09375 &
3.607422 &
4.121094 &
4.634766 &
5.148438 &
5.662109 &
6.175781 &
6.689453 &
7.205078 &
7.71875 &
8.232422 &
	  &
0.48 &
0.026 &
0.93 &
    1.329102     1.305121     1.281265     1.257536     1.233932     1.210454     1.189055     1.165829     1.142729     1.119755     1.096907     1.074186     1.051592     1.029123     1.006782    0.9845667    0.9644316    0.9424701    0.9206354    0.8989277     0.877347    0.8558933    0.8345667    0.8133674    0.7922952    0.7713504    0.7524861    0.7317961    0.7112336    0.6907987    0.6704913    0.6503116    0.6302596    0.6103353    0.5905389    0.5708703    0.5532827      0.53387    0.5145853    0.4954285    0.4763999    0.4574994     0.438727    0.4200829    0.4015669    0.3831793    0.3649199    0.3487419    0.3307392    0.3128649     0.295119    0.2775015    0.2600124    0.2426519    0.2254198    0.2083163    0.1913412    0.1764479      0.15973    0.1431406    0.1266798    0.1103476   0.09414403   0.07806901   0.06212259   0.04630476   0.03061552     0.017008  0.001575932  -0.01372756  -0.02890249  -0.04394886  -0.05886669    -0.073656  -0.08831681   -0.1028491    -0.117253   -0.1295753   -0.1437223   -0.1577409   -0.1716311   -0.1853931   -0.1990267   -0.2125321   -0.2259093   -0.2391583   -0.2522792    -0.265272   -0.2761837   -0.2889205   -0.3015293   -0.3140103   -0.3263635   -0.3385889   -0.3506867   -0.3626568   -0.3744994   -0.3862145    -0.395849   -0.4073094   -0.4186424   -0.4298483   -0.4409272    -0.451879   -0.4627039   -0.4734019   -0.4839733    -0.494418   -0.5027831   -0.5129748   -0.5230403   -0.5329795   -0.5427926   -0.5524798   -0.5620411   -0.5714766   -0.5807865    -0.589971   -0.5970769   -0.6060108   -0.6148195   -0.6235033   -0.6320623   -0.6404967   -0.6488065    -0.656992   -0.6650532   -0.6729905   -0.6808038   -0.6865404   -0.6941065   -0.7015492   -0.7088688   -0.7160653   -0.7231391   -0.7300902   -0.7369188   -0.7436252   -0.7502096    -0.754719   -0.7610599   -0.7672794   -0.7733777   -0.7793549   -0.7852115   -0.7909474   -0.7965631   -0.8020587   -0.8074345   -0.8107375   -0.8158743   -0.8208921    -0.825791   -0.8305713   -0.8352333   -0.8397773   -0.8442035   -0.8485123   -0.8527038   -0.8548253   -0.8587833   -0.8626249   -0.8663506   -0.8699605    -0.873455   -0.8768344    -0.880099   -0.8832491   -0.8862852   -0.8892075   -0.8900632   -0.8927589   -0.8953418   -0.8978124    -0.900171   -0.9024178   -0.9045534   -0.9065781   -0.9084922   -0.9102962   -0.9100373   -0.9116222   -0.9130981   -0.9144654   -0.9157247   -0.9168762   -0.9179204   -0.9188578   -0.9196888   -0.9204139   -0.9190803   -0.9195947   -0.9200046   -0.9203103   -0.9205124   -0.9206114   -0.9206076   -0.9205017   -0.9202941   -0.9199853   -0.9195758   -0.9171131   -0.9165039   -0.9157956   -0.9149888   -0.9140839   -0.9130817   -0.9119825   -0.9107871   -0.9094959   -0.9081095   -0.9046755   -0.9031006   -0.9014324   -0.8996714   -0.8978183   -0.8958737   -0.8938382   -0.8917125   -0.8894972    -0.887193   -0.8828474   -0.8803674   -0.8778004   -0.8751473   -0.8724086   -0.8695851   -0.8666776   -0.8636866    -0.860613   -0.8574575   -0.8522677   -0.8489507    -0.845554   -0.8420784   -0.8385248   -0.8348939   -0.8311865   -0.8274034   -0.8235454   -0.8196134   -0.8156082   -0.8095776   -0.8054285   -0.8012089   -0.7969194   -0.7925611   -0.7881349   -0.7836415    -0.779082   -0.7744573   -0.7697682   -0.7630627   -0.7582479   -0.7533716   -0.7484349   -0.7434387    -0.738384   -0.7332718   -0.7281032   -0.7228791   -0.7176006   -0.7103157   -0.7049316   -0.6994963   -0.6940109   -0.6884764    -0.682894   -0.6772648   -0.6715899   -0.6658705   -0.6601077   -0.6523495   -0.6465034   -0.6406175   -0.6346929   -0.6287309   -0.6227326   -0.6166994   -0.6106325   -0.6045331   -0.5984025    -0.592242   -0.5840998   -0.5778834   -0.5716411   -0.5653741   -0.5590839   -0.5527718   -0.5464392   -0.5400875   -0.5337181   -0.5273325   -0.5189788   -0.5125649   -0.5061391   -0.4997028   -0.4932575   -0.4868049   -0.4803463   -0.4738833   -0.4674175   -0.4609504   -0.4525305   -0.4460657   -0.4396044   -0.4331483   -0.4266989   -0.4202581   -0.4138274   -0.4074085   -0.4010031    -0.394613   -0.3862868   -0.3799324   -0.3735986   -0.3672871   -0.3609997   -0.3547383   -0.3485047   -0.3423006   -0.3361281    -0.329989   -0.3238852   -0.3158655   -0.3098381   -0.3038518   -0.2979087   -0.2920106   -0.2861597   -0.2803579   -0.2746073     -0.26891    -0.263268   -0.2557304   -0.2502054   -0.2447422   -0.2393429   -0.2340097   -0.2287447   -0.2235502   -0.2184284   -0.2133816   -0.2084121    -0.201569    -0.196761   -0.1920371   -0.1873998   -0.1828515   -0.1783945   -0.1740313   -0.1697642   -0.1655959   -0.1615287    -0.155612   -0.1517547    -0.148006   -0.1443687   -0.1408452   -0.1374382   -0.1341503   -0.1309842   -0.1279425    -0.125028   -0.1222433   -0.1176381   -0.1151214   -0.1127428   -0.1105052   -0.1084114   -0.1064642   -0.1046665   -0.1030212   -0.1015313   -0.1001997  -0.09707618  -0.09607005  -0.09523118  -0.09456263  -0.09406744  -0.09374871  -0.09360956  -0.09365311  -0.09388253    -0.094301  -0.09295861  -0.09376483  -0.09476981  -0.09597683  -0.09738919  -0.09901023   -0.1008433   -0.1028918   -0.1051591   -0.1076486   -0.1084108   -0.1113553   -0.1145324   -0.1179459   -0.1215991   -0.1254957
     0.90625    0.8921953     0.880128    0.8661419    0.8541434    0.8402262    0.8282968    0.8144488    0.8006354    0.7888099    0.7750661    0.7633102    0.7496362    0.7379502    0.7243462    0.7107773    0.6991967    0.6856982    0.6741882    0.6607604    0.6473682    0.6359645    0.6226434    0.6113111    0.5980615    0.5868008    0.5736229     0.560481    0.5493283    0.5362587    0.5251784    0.5121814    0.5011739    0.4882497    0.4753622    0.4644645    0.4516504    0.4408263     0.428086    0.4173359    0.4046698    0.3920409    0.3814025    0.3688484    0.3582849    0.3458059    0.3333646    0.3229143    0.3105488    0.3001744    0.2878851    0.2775871    0.2653743       0.2532    0.2430174    0.2309203    0.2208151    0.2087958    0.1987685    0.1868273    0.1749253    0.1650158    0.1531927    0.1433623    0.1316185    0.1218677    0.1102038   0.09857997   0.08894949   0.07740625   0.06785663   0.05639451   0.04497315   0.03554581   0.02420637   0.01486122  0.003604246 -0.005658156   -0.0168321  -0.02796431  -0.03710153  -0.04814985  -0.05720289  -0.06816673  -0.07713499  -0.08801376  -0.09884975   -0.1076897   -0.1184397   -0.1271933   -0.1378567   -0.1465234   -0.1570995   -0.1676317   -0.1761668   -0.1866107   -0.1950572   -0.2054122   -0.2157225   -0.2240347   -0.2342551    -0.242477   -0.2526067   -0.2607376   -0.2707759   -0.2807681   -0.2887611   -0.2986609   -0.3065611   -0.3163676   -0.3241741   -0.3338866   -0.3435518   -0.3512164   -0.3607864   -0.3683554   -0.3778294   -0.3853019   -0.3946791   -0.4040076    -0.411334   -0.4205644   -0.4277923   -0.4369237   -0.4460053   -0.4530838   -0.4620652   -0.4690431   -0.4779233   -0.4847995   -0.4935777   -0.5023046   -0.5090266     -0.51765   -0.5242682   -0.5327871   -0.5393004    -0.547714   -0.5560745   -0.5624286   -0.5706823    -0.576929   -0.5850748   -0.5912131     -0.59925   -0.6072321   -0.6132059   -0.6210774   -0.6269402   -0.6347002    -0.642404   -0.6480982   -0.6556888   -0.6612692   -0.6687455    -0.674211   -0.6815718   -0.6888744   -0.6941654   -0.7013507   -0.7065239   -0.7135909    -0.718645   -0.7255923   -0.7324794   -0.7373527   -0.7441182   -0.7488694   -0.7555122     -0.76014   -0.7666587   -0.7731149   -0.7775552   -0.7838854   -0.7881989   -0.7944018   -0.8005404   -0.8046614   -0.8106707   -0.8146615     -0.82054   -0.8243993   -0.8301455    -0.835825   -0.8394844   -0.8450295   -0.8485537   -0.8539629   -0.8573505   -0.8626223   -0.8678248   -0.8710045   -0.8760673   -0.8791066   -0.8840281   -0.8869252   -0.8917038   -0.8964104   -0.8990914   -0.9036526   -0.9061875   -0.9106017   -0.9149418   -0.9172542   -0.9214448   -0.9236068   -0.9276461   -0.9296559   -0.9335422   -0.9373512   -0.9391295   -0.9427828   -0.9444044   -0.9479001   -0.9493632   -0.9526995   -0.9559553   -0.9571772   -0.9602707   -0.9613292   -0.9642585   -0.9651518   -0.9679149   -0.9705941   -0.9712359   -0.9737459   -0.9742173    -0.976556   -0.9788082   -0.9790204   -0.9810982   -0.9811349   -0.9830361   -0.9828951   -0.9846176   -0.9862498   -0.9858382   -0.9872884   -0.9866935   -0.9879594    -0.987179   -0.9882582   -0.9892432   -0.9881803   -0.9889751   -0.9877208   -0.9883231    -0.986875   -0.9872823   -0.9875911   -0.9858478   -0.9859579   -0.9840146   -0.9839235   -0.9817777   -0.9814828   -0.9810851   -0.9786306   -0.9780251   -0.9753616   -0.9745457   -0.9736235   -0.9706414   -0.9695047   -0.9663067   -0.9649528    -0.961536    -0.959962   -0.9582769   -0.9545268   -0.9526173   -0.9486414   -0.9465045   -0.9422997   -0.9399325   -0.9374491   -0.9328954   -0.9301771    -0.925387   -0.9224307   -0.9174011   -0.9142036   -0.9108844   -0.9054896   -0.9019244    -0.896282   -0.8924677   -0.8885276   -0.8825077   -0.8783134   -0.8720376   -0.8675857   -0.8610506   -0.8563377    -0.851493   -0.8445624   -0.8394514   -0.8322528   -0.8268719   -0.8194017   -0.8137473   -0.8079548   -0.8000702   -0.7939987   -0.7858331   -0.7794788   -0.7710285   -0.7643876   -0.7576018   -0.7487173   -0.7416391     -0.73246   -0.7250854    -0.717561   -0.7079328   -0.7001059   -0.6901732   -0.6820397   -0.6717982   -0.6633539   -0.6547527   -0.6440402   -0.6351218     -0.62409   -0.6148501   -0.6034946   -0.5939288   -0.5841984   -0.5723491   -0.5622861   -0.5501019   -0.5397017   -0.5271781   -0.5164362   -0.5055216   -0.4924801   -0.4812167    -0.467824   -0.4562071   -0.4444115    -0.430483   -0.4183265   -0.4040347   -0.3915124   -0.3768523   -0.3639592   -0.3508788   -0.3356567   -0.3221978   -0.3065946    -0.292752   -0.2767626   -0.2625311   -0.2481032   -0.2315243   -0.2166995    -0.199721   -0.1844938   -0.1671102   -0.1514751    -0.135634   -0.1176324    -0.101375  -0.08295428    -0.066275   -0.0493826   -0.0303225  -0.01299951  0.006494101   0.02425355   0.04418656    0.0623884   0.08081367     0.101417    0.1202937    0.1413516    0.1606858    0.1822043    0.2020023    0.2220345    0.2442556    0.2647609    0.2874584    0.3084433    0.3316235    0.3530944    0.3748107    0.3987273    0.4209394     0.445355    0.4680696    0.4910379    0.5162147    0.5396956    0.5653883    0.5893885     0.615604    0.6401304    0.6649225    0.6919351    0.7172639
18.43333
