$\vec{x}_{0}(t,u)$  &
35 &
37.73324 &
40.67114 &
43.81389 &
47.15587 &
50.68296 &
54.36886 &
58.16988 &
62.01805 &
65.81214 &
69.40673 &
$\vec{x}_{0}(t,u)$  &
4 &
4.012092 &
4.083992 &
4.223432 &
4.441914 &
4.755922 &
5.188602 &
5.772052 &
6.550325 &
7.583116 &
8.949686 &
	  &
0.48 &
0.026 &
0.93 &
$\vec{x}_{-11111}(t,u)$  &
33.68066 &
37.27637 &
40.87207 &
44.46973 &
48.06543 &
51.66113 &
55.25684 &
58.85254 &
62.4502 &
66.0459 &
69.6416 &
$\vec{x}_{-11111}(t,u)$  &
3.103516 &
3.626953 &
4.150391 &
4.675781 &
5.199219 &
5.722656 &
6.246094 &
6.769531 &
7.292969 &
7.818359 &
8.341797 &
	  &
0.48 &
0.026 &
0.93 &
    1.319336     1.295355       1.2715      1.24777     1.224166     1.200688     1.177336      1.15411      1.13101     1.108036     1.085189     1.062468     1.039873     1.017405     0.995063     0.972848    0.9507597    0.9268451    0.9050104    0.8833027     0.861722    0.8402683    0.8189417    0.7977424    0.7766702    0.7557254     0.734908     0.714218    0.6936555    0.6732205    0.6529132    0.6327335    0.6126814    0.5927572    0.5729608    0.5532922    0.5337515    0.5143388     0.495054    0.4758973    0.4568687    0.4379682    0.4191958    0.4005516    0.3820357     0.363648    0.3453886    0.3272576    0.3092548    0.2913805    0.2716815     0.254064    0.2365749    0.2192144    0.2019823    0.1848788    0.1679037    0.1510573    0.1343393      0.11775    0.1012892   0.08495701    0.0687534   0.05267839   0.03673196   0.02091413  0.005224897  -0.01033575  -0.02576782  -0.04107131  -0.05624624  -0.07129261  -0.08621044   -0.1009998   -0.1156606   -0.1301929   -0.1445967   -0.1588721   -0.1730191   -0.1870378    -0.200928   -0.2146899   -0.2283236   -0.2437821   -0.2571593   -0.2704083   -0.2835292    -0.296522   -0.3093868   -0.3221236   -0.3347325   -0.3472135   -0.3595666   -0.3717921   -0.3838898   -0.3958599   -0.4077025   -0.4194176   -0.4310053   -0.4424656   -0.4537987   -0.4650046   -0.4760834   -0.4870352   -0.4978601   -0.5085582   -0.5191295   -0.5295743   -0.5398924   -0.5500842   -0.5601496   -0.5700889    -0.579902   -0.5895892   -0.5991504    -0.608586    -0.619849   -0.6290335   -0.6380925   -0.6470264   -0.6558351   -0.6645189   -0.6730779   -0.6815123   -0.6898221   -0.6980076   -0.7060689   -0.7140061   -0.7218195   -0.7295091   -0.7370752    -0.744518   -0.7518375   -0.7590341   -0.7661078   -0.7730589   -0.7798876    -0.786594   -0.7931784   -0.7996409   -0.8059818   -0.8122013   -0.8182995   -0.8242768   -0.8301333   -0.8358693    -0.841485   -0.8469806   -0.8523563   -0.8595656   -0.8647025   -0.8697202   -0.8746191   -0.8793994   -0.8840615   -0.8886055   -0.8930317   -0.8973404   -0.9015319   -0.9056065   -0.9095645   -0.9134062   -0.9171318   -0.9207417   -0.9242362   -0.9276156   -0.9308802   -0.9340304   -0.9370664   -0.9399887   -0.9427975   -0.9454933   -0.9480762   -0.9505468   -0.9529053   -0.9551522   -0.9572878   -0.9593125   -0.9612266   -0.9630306   -0.9647248   -0.9663097   -0.9677856    -0.971106   -0.9723653   -0.9735168   -0.9745611   -0.9754985   -0.9763295   -0.9770545    -0.977674   -0.9781885   -0.9785983   -0.9789041   -0.9791062   -0.9792051   -0.9792014   -0.9790954   -0.9788878    -0.978579   -0.9781696     -0.97766   -0.9770508   -0.9763425   -0.9755356   -0.9746308   -0.9736285   -0.9725294   -0.9713339   -0.9700427   -0.9686564   -0.9671755   -0.9656006   -0.9639324   -0.9621714   -0.9603183   -0.9603268   -0.9582913   -0.9561656   -0.9539503   -0.9516461   -0.9492537   -0.9467736   -0.9442067   -0.9415535   -0.9388149   -0.9359914   -0.9330838   -0.9300929   -0.9270193   -0.9238638   -0.9206271   -0.9173101   -0.9139134   -0.9104378   -0.9068842   -0.9032533   -0.8995458   -0.8957627   -0.8919048   -0.8879728   -0.8839676   -0.8798901    -0.875741   -0.8715214   -0.8672319   -0.8628736   -0.8584474    -0.853954   -0.8513476   -0.8467229   -0.8420338   -0.8372814   -0.8324666   -0.8275903   -0.8226536   -0.8176574   -0.8126027   -0.8074905   -0.8023219   -0.7970978   -0.7918194   -0.7864876   -0.7811035   -0.7756682   -0.7701827   -0.7646483   -0.7590659   -0.7534367   -0.7477618   -0.7420424   -0.7362795   -0.7304745   -0.7246284   -0.7187425   -0.7128179   -0.7068559   -0.7008576   -0.6948244   -0.6887575   -0.6826581   -0.6765275   -0.6723201    -0.666131   -0.6599146   -0.6536723   -0.6474054   -0.6411152   -0.6348031   -0.6284705   -0.6221188   -0.6157494   -0.6093637   -0.6029632   -0.5965493   -0.5901234   -0.5836872   -0.5772419   -0.5707892   -0.5643306   -0.5578677   -0.5514019   -0.5449348    -0.538468   -0.5320032   -0.5255419   -0.5190858   -0.5126364   -0.5061956   -0.4997649    -0.493346   -0.4869406   -0.4805505   -0.4741774   -0.4678231   -0.4634424   -0.4571309   -0.4508435   -0.4445821   -0.4383484   -0.4321444   -0.4259719   -0.4198328    -0.413729   -0.4076624    -0.401635   -0.3956487   -0.3897055   -0.3838075   -0.3779566   -0.3721548   -0.3664042   -0.3607068   -0.3550649   -0.3494804   -0.3439554   -0.3384922   -0.3330929   -0.3277597   -0.3224947   -0.3173002   -0.3121784   -0.3071316   -0.3021621   -0.2972722   -0.2924641   -0.2877402   -0.2831029   -0.2805077   -0.2760507   -0.2716875   -0.2674205   -0.2632521    -0.259185   -0.2552214   -0.2513641   -0.2476154   -0.2439781   -0.2404546   -0.2370476   -0.2337597   -0.2305936   -0.2275519   -0.2246374   -0.2218527   -0.2192006   -0.2166839   -0.2143053   -0.2120677   -0.2099739   -0.2080267    -0.206229   -0.2045837   -0.2030938   -0.2017622   -0.2005918   -0.1995857   -0.1987468   -0.1980783   -0.1975831   -0.1972643   -0.1990783   -0.1991219   -0.1993513   -0.1997697   -0.2003805   -0.2011867   -0.2021917   -0.2033987   -0.2048111   -0.2064321   -0.2082652   -0.2103137    -0.212581   -0.2150705   -0.2177858   -0.2207303   -0.2239074   -0.2273209   -0.2309741   -0.2348707
   0.8964844    0.8824296    0.8703623    0.8563763    0.8424246    0.8285075     0.816578      0.80273    0.7889167    0.7770912    0.7633473    0.7496384    0.7379174    0.7242784    0.7106743    0.6971054    0.6855248    0.6720263    0.6585632    0.6470886    0.6336963    0.6203395    0.6089715    0.5956861    0.5824365    0.5692226    0.5579979     0.544856    0.5317502    0.5206337    0.5076003    0.4946033    0.4816426    0.4706716    0.4577841    0.4449332    0.4340723     0.421295    0.4085547    0.3978046    0.3851385    0.3725096    0.3599181    0.3493171    0.3368005    0.3243215    0.3138334    0.3014299    0.2890644    0.2767369    0.2664007    0.2541496    0.2419368    0.2317156    0.2195799    0.2074828    0.1973776    0.1853583    0.1733779    0.1614367    0.1514878    0.1396252    0.1278021    0.1179717    0.1062279     0.094524   0.08481318   0.07318934   0.06160574    0.0500625   0.04051288   0.02905076    0.0176294  0.008202058 -0.003137383  -0.01443566  -0.02569263  -0.03495503  -0.04612897  -0.05726119   -0.0663984  -0.07744673  -0.08845289  -0.09746361    -0.108385   -0.1192638   -0.1300998   -0.1389397   -0.1496897   -0.1603965   -0.1691067   -0.1797265   -0.1903026   -0.2008348   -0.2093699   -0.2198138   -0.2302134   -0.2386153   -0.2489256    -0.259191   -0.2674582   -0.2776333   -0.2877629    -0.297847   -0.3059321   -0.3159244   -0.3258705   -0.3338172   -0.3436704    -0.353477   -0.3612835    -0.370996   -0.3806612   -0.3902789   -0.3978958   -0.4074179   -0.4168919   -0.4243644   -0.4337416   -0.4430701   -0.4523496   -0.4596269   -0.4688079   -0.4779393   -0.4850678   -0.4940995   -0.5030809   -0.5100587   -0.5189389   -0.5277683   -0.5365465   -0.5433202   -0.5519954   -0.5606188   -0.5672369   -0.5757559   -0.5842223   -0.5926359   -0.5990433   -0.6073505   -0.6156042   -0.6218509   -0.6299967   -0.6380881   -0.6441719   -0.6521539   -0.6600809   -0.6679524   -0.6738152   -0.6815752    -0.689279   -0.6949732   -0.7025638   -0.7100973   -0.7156205   -0.7230391   -0.7303999   -0.7377025   -0.7429935   -0.7501789   -0.7573052    -0.762419   -0.7694263   -0.7763736   -0.7832606   -0.7881339   -0.7948995   -0.8016038   -0.8062934   -0.8128743   -0.8193931   -0.8238962   -0.8302896   -0.8366198   -0.8428864   -0.8471362   -0.8532748   -0.8593489    -0.863405    -0.869349   -0.8752275     -0.88104    -0.884833   -0.8905125    -0.896125    -0.899717   -0.9051944   -0.9106036   -0.9139911   -0.9192629   -0.9244654   -0.9295983    -0.932708   -0.9377003   -0.9426218    -0.945519   -0.9502976   -0.9550042   -0.9576852   -0.9622464   -0.9667343   -0.9711486   -0.9735356   -0.9778011   -0.9819917   -0.9841537    -0.988193   -0.9921559   -0.9960422   -0.9978981    -1.001629    -1.005283    -1.006904      -1.0104    -1.013816      -1.0152    -1.018455     -1.02163    -1.024724    -1.025782    -1.028712    -1.031558    -1.032368    -1.035047    -1.037642    -1.040152    -1.040624    -1.042962    -1.045214    -1.045427    -1.047504    -1.049494    -1.049442    -1.051254    -1.052977    -1.054609    -1.054198    -1.055648    -1.057006    -1.056319    -1.057492    -1.058571    -1.057603    -1.058493    -1.059288    -1.059986    -1.058636    -1.059141    -1.059548    -1.057904    -1.058113    -1.058224    -1.058233    -1.056189    -1.055996    -1.055702    -1.053351    -1.052849    -1.052244     -1.04958    -1.048764    -1.047842    -1.046813    -1.043723    -1.042479    -1.041125    -1.037708    -1.036134    -1.034449    -1.032652    -1.028789    -1.026766     -1.02463    -1.020425    -1.018058    -1.015574     -1.01102    -1.008302    -1.005465    -1.002509   -0.9974792   -0.9942817   -0.9909626   -0.9855677   -0.9820026   -0.9783133   -0.9725459   -0.9686057   -0.9645389   -0.9603446   -0.9540688   -0.9496169    -0.945035   -0.9383689   -0.9335242   -0.9285468   -0.9234358   -0.9162372   -0.9108563   -0.9053392   -0.8977317   -0.8919392   -0.8860077    -0.877983   -0.8717706   -0.8654163   -0.8589191   -0.8503251   -0.8435393   -0.8366079   -0.8275766   -0.8203506    -0.812976   -0.8034985   -0.7958234   -0.7879966   -0.7800169   -0.7699303   -0.7616419   -0.7531977   -0.7426433    -0.733884   -0.7249655   -0.7158869   -0.7046938   -0.6952915   -0.6857257   -0.6740421    -0.664146   -0.6540829   -0.6418988   -0.6314986   -0.6209281   -0.6101862   -0.5973185   -0.5862301   -0.5749667    -0.561574   -0.5499571   -0.5381615   -0.5261861   -0.5120765   -0.4997378   -0.4872156   -0.4725554   -0.4596623   -0.4465819   -0.4313598   -0.4179009   -0.4042508   -0.3904083   -0.3744188   -0.3601873   -0.3457594   -0.3291806   -0.3143557   -0.2993304     -0.28215   -0.2667196   -0.2510845   -0.2352434   -0.2172417   -0.2009844   -0.1845168   -0.1658844    -0.148992    -0.131885    -0.114562   -0.0950684  -0.07730895  -0.05932906   -0.0391741  -0.02074883 -0.002098599   0.01873123   0.03783594   0.05717018   0.07673552   0.09848663    0.1185188    0.1387868    0.1612453    0.1819896    0.2029746    0.2242016    0.2476257     0.269342    0.2913054    0.3154707    0.3379332    0.3606477    0.3855692    0.4087929    0.4322737    0.4560133    0.4819666     0.506229    0.5307554    0.5575006    0.5825601    0.6078889
19.66604
