$\vec{x}_{0}(t,u)$  &
35 &
37.73324 &
40.67114 &
43.81389 &
47.15587 &
50.68296 &
54.36886 &
58.16988 &
62.01805 &
65.81214 &
69.40673 &
$\vec{x}_{0}(t,u)$  &
4 &
4.012092 &
4.083992 &
4.223432 &
4.441914 &
4.755922 &
5.188602 &
5.772052 &
6.550325 &
7.583116 &
8.949686 &
	  &
0.48 &
0.026 &
0.93 &
$\vec{x}_{-11111}(t,u)$  &
33.68945 &
37.29492 &
40.90234 &
44.50781 &
48.11328 &
51.7207 &
55.32617 &
58.93164 &
62.53906 &
66.14453 &
69.75 &
$\vec{x}_{-11111}(t,u)$  &
3.115234 &
3.646484 &
4.181641 &
4.716797 &
5.248047 &
5.783203 &
6.318359 &
6.849609 &
7.384766 &
7.919922 &
8.451172 &
	  &
0.48 &
0.026 &
0.93 &
    1.310547     1.286566     1.262711     1.238981     1.213424     1.189946     1.166594     1.143368     1.120268     1.097294     1.072493     1.049772     1.027178     1.004709    0.9823677    0.9601527    0.9361113    0.9141497    0.8923151    0.8706074    0.8490266     0.827573    0.8062464    0.7830939    0.7620218     0.741077    0.7202596    0.6995696    0.6790071     0.656619    0.6363116    0.6161319    0.5960799    0.5761556    0.5563592    0.5347375    0.5151968    0.4957841    0.4764993    0.4573426     0.438314    0.4194135     0.398688    0.3800438    0.3615279    0.3431402    0.3248808    0.3067497    0.2867939    0.2689196    0.2511737    0.2335562    0.2160671    0.1987066    0.1795214    0.1624178    0.1454428    0.1285963    0.1118784   0.09528905   0.07882827   0.06054295   0.04433934   0.02826432    0.0123179 -0.003499929  -0.01918917  -0.03670294  -0.05213501   -0.0674385  -0.08261342   -0.0976598   -0.1125776   -0.1293201   -0.1439809   -0.1585132    -0.172917   -0.1871925   -0.2013395   -0.2153581   -0.2312014   -0.2449634    -0.258597   -0.2721024   -0.2854796   -0.2987286   -0.3138026   -0.3267954   -0.3396602    -0.352397   -0.3650059   -0.3774869   -0.3917932   -0.4040186   -0.4161164   -0.4280865   -0.4399291   -0.4516442   -0.4632318   -0.4766453   -0.4879784   -0.4991843   -0.5102631   -0.5212149   -0.5320398    -0.544691   -0.5552623   -0.5657071   -0.5760252    -0.586217   -0.5962825   -0.6081748   -0.6179879   -0.6276751   -0.6372364   -0.6466719   -0.6559818   -0.6651663   -0.6761785   -0.6851123   -0.6939211   -0.7026049   -0.7111639   -0.7195982   -0.7298612   -0.7380467   -0.7461079   -0.7540452   -0.7618585   -0.7695482   -0.7790674   -0.7865102   -0.7938297   -0.8010263      -0.8081   -0.8150511   -0.8218798   -0.8305393   -0.8371237   -0.8435862   -0.8499271   -0.8561466   -0.8622449   -0.8701753   -0.8760318   -0.8817677   -0.8873834    -0.892879   -0.8982548   -0.9054641   -0.9106009   -0.9156186   -0.9205175   -0.9252979   -0.9299599   -0.9345039   -0.9408832    -0.945192   -0.9493835   -0.9534581   -0.9574161   -0.9612577   -0.9669365   -0.9705464   -0.9740409   -0.9774203   -0.9806849   -0.9838351   -0.9888243   -0.9917465   -0.9945553   -0.9972511    -0.999834    -1.002305    -1.004663    -1.008863    -1.010999    -1.013023    -1.014938    -1.016742    -1.018436    -1.021974     -1.02345    -1.024817    -1.026076    -1.027228    -1.028272    -1.031163    -1.031994    -1.032719    -1.033338    -1.033853    -1.034262    -1.034568    -1.036723    -1.036822    -1.036819    -1.036713    -1.036505    -1.036196     -1.03774     -1.03723    -1.036621    -1.035913    -1.035106    -1.034201    -1.035152    -1.034053    -1.032857    -1.031566     -1.03018    -1.028699    -1.027124    -1.027409    -1.025648    -1.023795     -1.02185    -1.019815    -1.017689    -1.017427    -1.015123     -1.01273     -1.01025    -1.007683     -1.00503    -1.004245    -1.001421   -0.9985135   -0.9955225   -0.9924489   -0.9892934   -0.9860568   -0.9846929   -0.9812962   -0.9778206    -0.974267   -0.9706361   -0.9669286   -0.9650987   -0.9612407   -0.9573087   -0.9533035    -0.949226    -0.945077   -0.9428104    -0.938521   -0.9341627   -0.9297364   -0.9252431   -0.9206836   -0.9160588   -0.9133229   -0.9085705   -0.9037557   -0.8988794   -0.8939427   -0.8889465   -0.8858449   -0.8807327   -0.8755641     -0.87034   -0.8650616   -0.8597297   -0.8562988   -0.8508635    -0.845378   -0.8398436   -0.8342612    -0.828632   -0.8229571   -0.8191908    -0.813428    -0.807623   -0.8017769   -0.7958909   -0.7899664   -0.7859575   -0.7799592    -0.773926    -0.767859   -0.7617596    -0.755629   -0.7514217   -0.7452326   -0.7390162   -0.7327739   -0.7265069   -0.7202167   -0.7139046   -0.7095252   -0.7031735   -0.6968041   -0.6904184   -0.6840179    -0.677604   -0.6731312    -0.666695   -0.6602497   -0.6537971   -0.6473385   -0.6408755   -0.6363628   -0.6298957    -0.623429   -0.6169641   -0.6105028   -0.6040467   -0.5975974   -0.5931096   -0.5866789     -0.58026   -0.5738547   -0.5674646   -0.5610915   -0.5566903   -0.5503564   -0.5440449   -0.5377576   -0.5314961   -0.5252625   -0.5210116   -0.5148391      -0.5087   -0.5025961   -0.4965296   -0.4905022   -0.4845159   -0.4805259   -0.4746278   -0.4687769   -0.4629751   -0.4572245   -0.4515272   -0.4478383   -0.4422538   -0.4367289   -0.4312657   -0.4258664   -0.4205331   -0.4172213   -0.4120268    -0.406905   -0.4018582   -0.3968887   -0.3919987   -0.3871907   -0.3844199   -0.3797826   -0.3752343   -0.3707773   -0.3664141   -0.3621471   -0.3599318   -0.3558646   -0.3519011   -0.3480437   -0.3442951   -0.3406577   -0.3390874   -0.3356804   -0.3323925   -0.3292264   -0.3261847   -0.3232702   -0.3204855   -0.3197866   -0.3172698   -0.3148913   -0.3126536   -0.3105598   -0.3086126   -0.3087681   -0.3071228   -0.3056329   -0.3043012   -0.3031309   -0.3021247    -0.303239   -0.3025704   -0.3020753   -0.3017565   -0.3016174   -0.3016609   -0.3018903   -0.3042619   -0.3048727   -0.3056789   -0.3066839   -0.3078909   -0.3093033   -0.3128774   -0.3147105    -0.316759   -0.3190263   -0.3215158   -0.3242311   -0.3291287   -0.3323059   -0.3357193   -0.3393725   -0.3432691
   0.8847656     0.872664    0.8566905    0.8446575     0.832659    0.8167887    0.8048593    0.7890581    0.7771979    0.7653724    0.7496755    0.7379196    0.7222924    0.7106065    0.6950493    0.6834335    0.6718529    0.6564013    0.6448913    0.6295104    0.6180713    0.6066677    0.5913934    0.5800611    0.5648583    0.5535976    0.5384666    0.5272779    0.5161252    0.5011024    0.4900222     0.475072    0.4640645    0.4530935    0.4382528    0.4273551    0.4125879    0.4017638    0.3870704    0.3763203    0.3656073    0.3510253    0.3403869    0.3258796    0.3153161    0.3047903    0.2903959    0.2799456    0.2656269    0.2552526    0.2410101    0.2307121    0.2204524     0.206325    0.1961424    0.1820922     0.171987    0.1619208    0.1479873    0.1379992    0.1241441    0.1142346    0.1004583   0.09062795    0.0808373   0.06718025   0.05746943   0.04389247   0.03426199   0.02467188   0.01121601  0.001707013  -0.01166747  -0.02109482  -0.03438738  -0.04373253  -0.05303638  -0.06620503  -0.07542585  -0.08851119   -0.0976484   -0.1067436   -0.1197029   -0.1287136   -0.1415881   -0.1505138   -0.1633029   -0.1721428   -0.1809397   -0.1935996   -0.2023098   -0.2148828   -0.2235057   -0.2320848   -0.2445261    -0.253017   -0.2653697   -0.2737715    -0.286035   -0.2943472   -0.3026144   -0.3147427   -0.3229192   -0.3349563   -0.3430415   -0.3510806   -0.3629799   -0.3709266   -0.3827329   -0.3905863   -0.4022991   -0.4100585   -0.4177706   -0.4293414   -0.4369583   -0.4484335   -0.4559544   -0.4634269   -0.4747573   -0.4821326   -0.4933652   -0.5006425   -0.5117766   -0.5189549   -0.5260835   -0.5370682   -0.5440965   -0.5549806   -0.5619077   -0.5687839   -0.5795152   -0.5862889   -0.5969173   -0.6035875   -0.6141119   -0.6206778    -0.627191   -0.6375577   -0.6439651   -0.6542255    -0.660526   -0.6667728   -0.6768717     -0.68301       -0.693   -0.6990289   -0.7050027   -0.7148274   -0.7206902   -0.7304033    -0.736154   -0.7457544   -0.7513919   -0.7569723   -0.7664017   -0.7718672   -0.7811811   -0.7865306   -0.7918216   -0.8009601   -0.8061333   -0.8151534   -0.8202075   -0.8291079   -0.8340419   -0.8389152   -0.8476338    -0.852385   -0.8609809   -0.8656087   -0.8701743   -0.8785837   -0.8830239   -0.8913073   -0.8956208   -0.9037768   -0.9079623   -0.9120833   -0.9200457   -0.9240365   -0.9318681   -0.9357275   -0.9395205   -0.9471532   -0.9508125   -0.9583108    -0.961835   -0.9691973   -0.9725849   -0.9759035   -0.9830592   -0.9862389   -0.9932548   -0.9962941   -0.9992625    -1.006066    -1.008891    -1.015551    -1.018232    -1.024746    -1.027281    -1.029742    -1.036036    -1.038348    -1.044492    -1.046654     -1.04874    -1.054656    -1.056589    -1.062351    -1.064129    -1.069736    -1.071358      -1.0729    -1.078269    -1.079653    -1.084862    -1.086083    -1.087224    -1.092189    -1.093165    -1.097964    -1.098774    -1.103407    -1.104048    -1.104605    -1.108983    -1.109368    -1.113574    -1.113786    -1.113911    -1.117854    -1.117802    -1.121567    -1.121336    -1.124922     -1.12451    -1.124007    -1.127319    -1.126631    -1.129757    -1.128883    -1.127915    -1.130758      -1.1296    -1.132252    -1.130901    -1.133359    -1.131814    -1.130169    -1.132332    -1.130489    -1.132452    -1.130408    -1.128262     -1.12992    -1.127569    -1.129021    -1.126463    -1.127705    -1.124936    -1.122061    -1.122985    -1.119895    -1.120604    -1.117297     -1.11388    -1.114259    -1.110621    -1.110777    -1.106914    -1.106844    -1.102755     -1.09855    -1.098136    -1.093699    -1.093052     -1.08838     -1.08359    -1.082587    -1.077557    -1.076313    -1.071041    -1.069552    -1.064034    -1.058391     -1.05653    -1.050637    -1.048523    -1.042376      -1.0361    -1.033601    -1.027066    -1.024306    -1.017509    -1.010578     -1.00742    -1.000222   -0.9967938   -0.9893235   -0.9856223   -0.9778767   -0.9699921   -0.9658737   -0.9577081   -0.9533069   -0.9448566   -0.9362626     -0.93143   -0.9225454   -0.9174203   -0.9082413   -0.9028198   -0.8933423   -0.8837141   -0.8778403   -0.8679075   -0.8617272   -0.8514857   -0.8410883   -0.8344402   -0.8237277   -0.8167624   -0.8057307   -0.7984438   -0.7870884   -0.7755694   -0.7677921   -0.7559428   -0.7478329   -0.7356488   -0.7232955   -0.7146781    -0.701983   -0.6930216   -0.6799801   -0.6706698   -0.6572771   -0.6437071   -0.6338646   -0.6199361   -0.6097328   -0.5954409   -0.5809656   -0.5702116   -0.5553654   -0.5442382    -0.529016   -0.5175103   -0.5019071   -0.4861114   -0.4740282   -0.4578436   -0.4453688     -0.42879    -0.412012   -0.3989397   -0.3817594   -0.3682821   -0.3506939   -0.3368059   -0.3188042   -0.3005938   -0.2860793   -0.2674469   -0.2525076   -0.2334475   -0.2141714    -0.198584   -0.1788715   -0.1628447   -0.1426897   -0.1262176   -0.1056142   -0.0847844  -0.06763281  -0.04634544  -0.02873323 -0.006982116   0.01500321   0.03331808   0.05577656   0.07456777    0.0975058    0.1167798    0.1402038    0.1638732    0.1838835    0.2080488    0.2285582    0.2532259    0.2781473    0.2994179    0.3248518    0.3466383    0.3725916    0.3949009    0.4213804    0.4481256     0.471232    0.4985139
20.99436
